,datetime,symbol,open,high,low,close,volume,change (%),last day change (%)
0,2018-04-25,NSE:AVG,118.0,145.0,117.0,140.45,718800.0,,
1,2018-04-26,NSE:AVG,145.0,152.0,135.5,150.89999,148800.0,7.440363118547537,
2,2018-04-27,NSE:AVG,152.95,156.0,149.5,150.0,50400.0,-0.5964148837915777,7.440363118547537
3,2018-04-30,NSE:AVG,145.0,149.0,140.0,140.95,10800.0,-6.033333333333341,-0.5964148837915777
4,2018-05-02,NSE:AVG,143.89999,143.89999,136.0,137.3,15600.0,-2.5895707697765005,-6.033333333333341
5,2018-05-03,NSE:AVG,135.0,135.0,132.2,132.2,4800.0,-3.714493809177001,-2.5895707697765005
6,2018-05-04,NSE:AVG,133.0,139.35001,129.14999,139.35001,15600.0,5.408479576399402,-3.714493809177001
7,2018-05-07,NSE:AVG,135.05,135.05,135.0,135.0,3600.0,-3.121643120083018,5.408479576399402
8,2018-05-08,NSE:AVG,136.0,136.0,136.0,136.0,1200.0,0.7407407407407408,-3.121643120083018
9,2018-05-09,NSE:AVG,137.75,137.85001,134.0,134.0,7200.0,-1.4705882352941175,0.7407407407407408
10,2018-05-10,NSE:AVG,128.3,130.0,128.0,128.0,7200.0,-4.477611940298507,-1.4705882352941175
11,2018-05-11,NSE:AVG,127.0,133.7,127.0,131.25,4800.0,2.5390625,-4.477611940298507
12,2018-05-14,NSE:AVG,135.0,137.95,126.5,128.0,13200.0,-2.4761904761904763,2.5390625
13,2018-05-15,NSE:AVG,122.8,131.0,122.0,125.0,28800.0,-2.34375,-2.4761904761904763
14,2018-05-17,NSE:AVG,125.0,125.0,121.65,122.5,7200.0,-2.0,-2.34375
15,2018-05-18,NSE:AVG,121.0,123.0,119.0,119.0,6000.0,-2.857142857142857,-2.0
16,2018-05-21,NSE:AVG,114.9,114.9,110.0,110.3,8400.0,-7.310924369747901,-2.857142857142857
17,2018-05-22,NSE:AVG,110.1,112.95,110.1,112.95,3600.0,2.402538531278337,-7.310924369747901
18,2018-05-23,NSE:AVG,110.0,110.0,107.25,107.85,6000.0,-4.515272244355916,2.402538531278337
19,2018-05-24,NSE:AVG,107.5,117.5,107.25,117.5,10800.0,8.947612424663891,-4.515272244355916
20,2018-05-25,NSE:AVG,115.1,115.1,115.1,115.1,2400.0,-2.0425531914893664,8.947612424663891
21,2018-05-28,NSE:AVG,110.0,110.0,110.0,110.0,1200.0,-4.430929626411811,-2.0425531914893664
22,2018-05-30,NSE:AVG,113.5,113.95,113.5,113.95,3600.0,3.590909090909093,-4.430929626411811
23,2018-06-04,NSE:AVG,108.0,108.0,102.0,102.85,55200.0,-9.741114523914005,3.590909090909093
24,2018-06-05,NSE:AVG,95.150002,100.0,95.150002,95.349998,8400.0,-7.292175012153618,-9.741114523914005
25,2018-06-07,NSE:AVG,110.0,110.0,105.0,105.0,4800.0,10.1206105950836,-7.292175012153618
26,2018-06-11,NSE:AVG,107.0,109.95,104.05,104.05,39600.0,-0.9047619047619075,10.1206105950836
27,2018-06-13,NSE:AVG,109.95,109.95,109.95,109.95,1200.0,5.670350792888041,-0.9047619047619075
28,2018-06-15,NSE:AVG,106.0,106.0,106.0,106.0,1200.0,-3.5925420645748094,5.670350792888041
29,2018-06-18,NSE:AVG,106.0,106.0,106.0,106.0,1200.0,0.0,-3.5925420645748094
30,2018-06-19,NSE:AVG,106.0,106.0,98.0,98.0,9600.0,-7.547169811320755,0.0
31,2018-06-20,NSE:AVG,102.8,102.85,102.8,102.85,2400.0,4.9489795918367285,-7.547169811320755
32,2018-06-22,NSE:AVG,98.0,98.0,98.0,98.0,1200.0,-4.715605250364603,4.9489795918367285
33,2018-06-25,NSE:AVG,101.0,101.0,101.0,101.0,1200.0,3.061224489795918,-4.715605250364603
34,2018-06-27,NSE:AVG,96.0,96.0,94.449997,94.449997,3600.0,-6.485151485148519,3.061224489795918
35,2018-07-04,NSE:AVG,90.0,90.0,90.0,90.0,1200.0,-4.711484532921686,-6.485151485148519
36,2018-07-05,NSE:AVG,97.849998,97.849998,97.849998,97.849998,1200.0,8.72222,-4.711484532921686
37,2018-07-12,NSE:AVG,96.0,96.0,96.0,96.0,1200.0,-1.8906469471772491,8.72222
38,2018-07-17,NSE:AVG,91.25,92.0,91.25,92.0,2400.0,-4.166666666666666,-1.8906469471772491
39,2018-07-18,NSE:AVG,90.050003,90.050003,90.050003,90.050003,1200.0,-2.119561956521735,-4.166666666666666
40,2018-07-19,NSE:AVG,90.0,90.0,90.0,90.0,1200.0,-0.055528038127887445,-2.119561956521735
41,2018-07-20,NSE:AVG,90.0,90.0,90.0,90.0,1200.0,0.0,-0.055528038127887445
42,2018-07-24,NSE:AVG,87.0,87.0,85.0,85.5,3600.0,-5.0,0.0
43,2018-07-25,NSE:AVG,87.75,89.949997,87.75,89.949997,2400.0,5.204674853801166,-5.0
44,2018-07-27,NSE:AVG,93.849998,93.900002,93.849998,93.900002,2400.0,4.391334220945004,5.204674853801166
45,2018-07-31,NSE:AVG,98.0,98.0,98.0,98.0,1200.0,4.36634495492343,4.391334220945004
46,2018-08-01,NSE:AVG,93.800003,102.9,93.800003,102.9,7200.0,5.000000000000006,4.36634495492343
47,2018-08-02,NSE:AVG,103.0,103.0,103.0,103.0,2400.0,0.09718172983478553,5.000000000000006
48,2018-08-03,NSE:AVG,108.3,108.3,102.0,102.0,14400.0,-0.9708737864077669,0.09718172983478553
49,2018-08-06,NSE:AVG,103.0,103.0,103.0,103.0,3600.0,0.9803921568627451,-0.9708737864077669
50,2018-08-08,NSE:AVG,100.0,100.0,98.0,98.0,3600.0,-4.854368932038835,0.9803921568627451
51,2018-08-09,NSE:AVG,100.0,103.0,99.0,103.0,3600.0,5.1020408163265305,-4.854368932038835
52,2018-08-13,NSE:AVG,106.0,106.0,106.0,106.0,4800.0,2.912621359223301,5.1020408163265305
53,2018-08-14,NSE:AVG,102.0,102.0,101.0,101.0,2400.0,-4.716981132075472,2.912621359223301
54,2018-08-17,NSE:AVG,101.0,101.0,101.0,101.0,1200.0,0.0,-4.716981132075472
55,2018-08-23,NSE:AVG,100.0,100.0,100.0,100.0,2400.0,-0.9900990099009901,0.0
56,2018-08-28,NSE:AVG,94.75,94.75,94.0,94.349998,2400.0,-5.650002000000001,-0.9900990099009901
57,2018-08-30,NSE:AVG,90.050003,92.0,90.0,92.0,4800.0,-2.4907239531684984,-5.650002000000001
58,2018-09-05,NSE:AVG,93.5,97.050003,89.050003,97.050003,6000.0,5.4891336956521775,-2.4907239531684984
59,2018-09-06,NSE:AVG,95.0,95.0,92.0,92.0,2400.0,-5.203506279129124,5.4891336956521775
60,2018-09-07,NSE:AVG,91.25,93.5,91.25,93.5,2400.0,1.6304347826086956,-5.203506279129124
61,2018-09-14,NSE:AVG,96.0,97.75,96.0,97.75,3600.0,4.545454545454546,1.6304347826086956
62,2018-09-17,NSE:AVG,91.900002,91.900002,90.0,90.650002,3600.0,-7.263425063938618,4.545454545454546
63,2018-09-19,NSE:AVG,89.0,89.0,89.0,89.0,1200.0,-1.8201897006025445,-7.263425063938618
64,2018-09-24,NSE:AVG,85.0,85.0,84.449997,84.449997,2400.0,-5.112362921348319,-1.8201897006025445
65,2018-09-25,NSE:AVG,80.800003,80.800003,80.800003,80.800003,1200.0,-4.322077122157852,-5.112362921348319
66,2018-09-26,NSE:AVG,77.0,82.0,77.0,82.0,2400.0,1.4851447468386803,-4.322077122157852
67,2018-10-01,NSE:AVG,78.0,78.0,77.699997,77.699997,2400.0,-5.243906097560981,1.4851447468386803
68,2018-10-04,NSE:AVG,73.5,73.5,68.75,69.349998,3600.0,-10.746459874380687,-5.243906097560981
69,2018-10-05,NSE:AVG,70.0,72.800003,70.0,72.800003,2400.0,4.974773034600526,-10.746459874380687
70,2018-10-09,NSE:AVG,69.150002,69.150002,69.150002,69.150002,2400.0,-5.013737430752582,4.974773034600526
71,2018-10-10,NSE:AVG,70.0,70.0,70.0,70.0,1200.0,1.229208930463949,-5.013737430752582
72,2018-10-11,NSE:AVG,73.0,73.0,73.0,73.0,2400.0,4.285714285714286,1.229208930463949
73,2018-10-12,NSE:AVG,84.0,87.599998,75.0,87.599998,111600.0,19.99999726027397,4.285714285714286
74,2018-10-16,NSE:AVG,95.0,95.0,88.25,89.25,3600.0,1.8835639699443838,19.99999726027397
75,2018-10-17,NSE:AVG,84.5,84.5,82.25,83.349998,2400.0,-6.61064649859944,1.8835639699443838
76,2018-10-23,NSE:AVG,79.949997,79.949997,79.949997,79.949997,1200.0,-4.079185460808294,-6.61064649859944
77,2018-10-24,NSE:AVG,84.900002,95.900002,84.900002,95.900002,2400.0,19.949975732957196,-4.079185460808294
78,2018-10-25,NSE:AVG,86.699997,86.699997,79.0,80.699997,10800.0,-15.849848470284709,19.949975732957196
79,2018-10-29,NSE:AVG,84.800003,89.5,84.800003,89.5,2400.0,10.90458900512723,-15.849848470284709
80,2018-10-31,NSE:AVG,85.0,85.0,85.0,85.0,1200.0,-5.027932960893855,10.90458900512723
81,2018-11-05,NSE:AVG,80.75,91.0,80.0,91.0,54000.0,7.0588235294117645,-5.027932960893855
82,2018-11-06,NSE:AVG,86.449997,86.449997,86.449997,86.449997,1200.0,-5.000003296703301,7.0588235294117645
83,2018-11-20,NSE:AVG,90.75,90.75,80.5,81.349998,9600.0,-5.899362842083149,-5.000003296703301
84,2018-11-22,NSE:AVG,86.800003,97.0,86.800003,97.0,2400.0,19.237864025516018,-5.899362842083149
85,2018-11-26,NSE:AVG,89.699997,89.699997,89.699997,89.699997,1200.0,-7.525776288659798,19.237864025516018
86,2018-11-27,NSE:AVG,88.0,88.0,88.0,88.0,1200.0,-1.8952029619354347,-7.525776288659798
87,2018-11-28,NSE:AVG,83.599998,85.800003,81.0,81.0,7200.0,-7.954545454545454,-1.8952029619354347
88,2018-11-29,NSE:AVG,80.0,83.949997,80.0,82.5,3600.0,1.8518518518518516,-7.954545454545454
89,2018-11-30,NSE:AVG,80.550003,82.0,78.099998,78.199997,21600.0,-5.212124848484853,1.8518518518518516
90,2018-12-04,NSE:AVG,76.0,85.0,74.349998,75.599998,200400.0,-3.3248070329209822,-5.212124848484853
91,2018-12-05,NSE:AVG,79.349998,80.0,75.0,75.75,54000.0,0.19841534916442807,-3.3248070329209822
92,2018-12-06,NSE:AVG,72.75,76.75,72.650002,75.949997,60000.0,0.2640224422442194,0.19841534916442807
93,2018-12-07,NSE:AVG,78.0,78.449997,74.099998,74.099998,3600.0,-2.4358118144494423,0.2640224422442194
94,2018-12-10,NSE:AVG,70.650002,70.650002,70.650002,70.650002,2400.0,-4.655865172897844,-2.4358118144494423
95,2018-12-13,NSE:AVG,74.150002,75.0,74.150002,75.0,2400.0,6.157109521384018,-4.655865172897844
96,2018-12-20,NSE:AVG,78.0,78.0,78.0,78.0,8400.0,4.0,6.157109521384018
97,2018-12-24,NSE:AVG,78.5,78.5,76.050003,76.050003,2400.0,-2.499996153846149,4.0
98,2018-12-27,NSE:AVG,76.5,76.5,76.5,76.5,1200.0,0.5917120082164838,-2.499996153846149
99,2018-12-31,NSE:AVG,80.0,81.0,74.0,74.199997,58800.0,-3.0065398692810508,0.5917120082164838
100,2019-01-01,NSE:AVG,77.0,82.699997,77.0,80.599998,27600.0,8.625338623665987,-3.0065398692810508
101,2019-01-04,NSE:AVG,76.199997,76.199997,76.199997,76.199997,1200.0,-5.459058448115598,8.625338623665987
102,2019-01-07,NSE:AVG,78.0,78.0,75.099998,75.099998,2400.0,-1.4435682983032099,-5.459058448115598
103,2019-01-10,NSE:AVG,74.699997,74.699997,74.699997,74.699997,1200.0,-0.532624514850191,-1.4435682983032099
104,2019-01-15,NSE:AVG,78.400002,78.400002,78.400002,78.400002,1200.0,4.953152809363573,-0.532624514850191
105,2019-01-16,NSE:AVG,80.0,88.050003,78.0,82.900002,20400.0,5.739795771943985,4.953152809363573
106,2019-01-17,NSE:AVG,81.0,87.0,79.0,79.099998,15600.0,-4.5838406614272476,5.739795771943985
107,2019-01-18,NSE:AVG,78.900002,81.0,78.900002,81.0,12000.0,2.402025345183954,-4.5838406614272476
108,2019-01-21,NSE:AVG,80.0,80.0,79.0,79.0,3600.0,-2.4691358024691357,2.402025345183954
109,2019-01-22,NSE:AVG,79.0,79.0,79.0,79.0,1200.0,0.0,-2.4691358024691357
110,2019-01-23,NSE:AVG,79.0,79.0,79.0,79.0,1200.0,0.0,0.0
111,2019-01-24,NSE:AVG,74.0,74.0,74.0,74.0,1200.0,-6.329113924050633,0.0
112,2019-01-25,NSE:AVG,77.0,77.5,70.5,70.5,10800.0,-4.72972972972973,-6.329113924050633
113,2019-01-28,NSE:AVG,74.0,74.0,74.0,74.0,1200.0,4.964539007092199,-4.72972972972973
114,2019-01-30,NSE:AVG,70.800003,71.050003,70.75,70.949997,51600.0,-4.121625675675681,4.964539007092199
115,2019-02-05,NSE:AVG,73.5,82.75,72.949997,79.550003,102000.0,12.121221090396956,-4.121625675675681
116,2019-02-06,NSE:AVG,80.0,83.050003,79.199997,81.900002,21600.0,2.9541155391282596,12.121221090396956
117,2019-02-07,NSE:AVG,83.0,83.0,77.300003,77.300003,20400.0,-5.616604258446778,2.9541155391282596
118,2019-02-08,NSE:AVG,80.0,80.099998,77.900002,78.0,20400.0,0.9055588264336757,-5.616604258446778
119,2019-02-11,NSE:AVG,79.0,79.0,73.75,78.900002,26400.0,1.1538487179487187,0.9055588264336757
120,2019-02-12,NSE:AVG,78.0,78.099998,77.0,77.099998,19200.0,-2.2813738331717675,1.1538487179487187
121,2019-02-13,NSE:AVG,77.0,78.699997,74.949997,78.650002,25200.0,2.010381375107171,-2.2813738331717675
122,2019-02-14,NSE:AVG,78.0,78.099998,77.0,77.099998,19200.0,-1.9707615519196062,2.010381375107171
123,2019-02-15,NSE:AVG,76.0,76.300003,72.5,72.550003,21600.0,-5.901420386547864,-1.9707615519196062
124,2019-02-18,NSE:AVG,73.0,75.349998,71.75,73.050003,20400.0,0.6891798474494895,-5.901420386547864
125,2019-02-19,NSE:AVG,73.050003,74.75,71.25,73.0,20400.0,-0.06845037364338477,0.6891798474494895
126,2019-02-20,NSE:AVG,73.050003,74.25,71.550003,71.550003,22800.0,-1.9862972602739675,-0.06845037364338477
127,2019-02-21,NSE:AVG,72.0,73.150002,70.050003,71.050003,25200.0,-0.6988119902664434,-1.9862972602739675
128,2019-02-22,NSE:AVG,71.25,79.099998,70.099998,74.300003,42000.0,4.574243297357778,-0.6988119902664434
129,2019-02-25,NSE:AVG,77.5,77.5,71.0,77.150002,21600.0,3.8357993067644918,4.574243297357778
130,2019-02-26,NSE:AVG,78.25,89.300003,73.25,78.0,58800.0,1.101747217064232,3.8357993067644918
131,2019-02-27,NSE:AVG,75.0,81.25,74.150002,74.150002,31200.0,-4.93589487179487,1.101747217064232
132,2019-02-28,NSE:AVG,75.25,76.949997,73.550003,76.949997,20400.0,3.7761226223567674,-4.93589487179487
133,2019-03-01,NSE:AVG,75.0,80.75,72.699997,74.300003,49200.0,-3.4437870088545846,3.7761226223567674
134,2019-03-05,NSE:AVG,70.75,75.75,70.75,74.150002,50400.0,-0.2018855907717839,-3.4437870088545846
135,2019-03-06,NSE:AVG,76.900002,77.400002,74.0,77.0,13200.0,3.8435575497354666,-0.2018855907717839
136,2019-03-07,NSE:AVG,76.0,76.0,75.0,75.0,22800.0,-2.5974025974025974,3.8435575497354666
137,2019-03-08,NSE:AVG,77.400002,77.5,74.5,75.349998,15600.0,0.4666639999999992,-2.5974025974025974
138,2019-03-11,NSE:AVG,80.550003,80.550003,80.550003,80.550003,2400.0,6.901134887886798,0.4666639999999992
139,2019-03-12,NSE:AVG,77.5,77.5,77.050003,77.050003,2400.0,-4.345127088325496,6.901134887886798
140,2019-03-13,NSE:AVG,77.099998,77.099998,77.099998,77.099998,2400.0,0.06488643485191761,-4.345127088325496
141,2019-03-15,NSE:AVG,80.550003,81.650002,80.550003,81.650002,3600.0,5.901432059699926,0.06488643485191761
142,2019-03-18,NSE:AVG,85.75,91.199997,82.5,82.5,8400.0,1.0410263064047438,5.901432059699926
143,2019-03-19,NSE:AVG,82.5,94.449997,82.5,91.849998,28800.0,11.333330909090908,1.0410263064047438
144,2019-03-22,NSE:AVG,90.0,90.0,90.0,90.0,1200.0,-2.0141513775536493,11.333330909090908
145,2019-03-26,NSE:AVG,87.0,87.0,87.0,87.0,1200.0,-3.3333333333333335,-2.0141513775536493
146,2019-03-27,NSE:AVG,82.5,82.5,82.449997,82.5,3600.0,-5.172413793103448,-3.3333333333333335
147,2019-03-28,NSE:AVG,82.0,82.0,82.0,82.0,1200.0,-0.6060606060606061,-5.172413793103448
148,2019-03-29,NSE:AVG,80.0,80.0,80.0,80.0,1200.0,-2.4390243902439024,-0.6060606060606061
149,2019-04-02,NSE:AVG,80.300003,85.699997,80.300003,85.650002,3600.0,7.062502500000001,-2.4390243902439024
150,2019-04-08,NSE:AVG,80.0,82.75,80.0,82.75,3600.0,-3.3858749939083483,7.062502500000001
151,2019-04-09,NSE:AVG,86.0,86.800003,86.0,86.800003,4800.0,4.894263444108766,-3.3858749939083483
152,2019-04-10,NSE:AVG,85.0,85.0,82.25,84.099998,6000.0,-3.110604731200302,4.894263444108766
153,2019-04-11,NSE:AVG,83.0,84.0,80.0,83.550003,13200.0,-0.6539774234001713,-3.110604731200302
154,2019-04-26,NSE:AVG,85.0,85.0,85.0,85.0,1200.0,1.7354840789173833,-0.6539774234001713
155,2019-04-30,NSE:AVG,82.0,84.0,81.25,81.349998,6000.0,-4.29412,1.7354840789173833
156,2019-05-02,NSE:AVG,85.0,86.0,85.0,85.5,2400.0,5.101416228676491,-4.29412
157,2019-05-03,NSE:AVG,87.050003,87.050003,83.050003,83.050003,2400.0,-2.8654935672514577,5.101416228676491
158,2019-05-06,NSE:AVG,81.75,82.0,81.75,82.0,2400.0,-1.2643021819035982,-2.8654935672514577
159,2019-05-07,NSE:AVG,81.0,81.0,80.5,81.0,4800.0,-1.2195121951219512,-1.2643021819035982
160,2019-05-14,NSE:AVG,77.5,77.75,72.0,77.349998,16800.0,-4.506175308641977,-1.2195121951219512
161,2019-05-15,NSE:AVG,77.199997,79.5,77.199997,78.349998,10800.0,1.2928248556645083,-4.506175308641977
162,2019-05-16,NSE:AVG,82.0,82.0,82.0,82.0,1200.0,4.658585951718851,1.2928248556645083
163,2019-05-17,NSE:AVG,80.0,83.099998,78.0,83.050003,6000.0,1.2804914634146387,4.658585951718851
164,2019-05-20,NSE:AVG,80.150002,80.5,80.150002,80.5,2400.0,-3.0704429956492643,1.2804914634146387
165,2019-05-22,NSE:AVG,85.800003,86.949997,85.800003,86.949997,2400.0,8.012418633540367,-3.0704429956492643
166,2019-05-23,NSE:AVG,89.5,89.5,89.5,89.5,1200.0,2.932723505441874,8.012418633540367
167,2019-05-24,NSE:AVG,92.75,92.75,92.75,92.75,1200.0,3.6312849162011176,2.932723505441874
168,2019-05-27,NSE:AVG,87.5,87.5,87.5,87.5,1200.0,-5.660377358490567,3.6312849162011176
169,2019-05-28,NSE:AVG,92.5,92.5,92.5,92.5,1200.0,5.714285714285714,-5.660377358490567
170,2019-05-30,NSE:AVG,95.5,95.5,89.699997,91.0,3600.0,-1.6216216216216217,5.714285714285714
171,2019-05-31,NSE:AVG,94.0,95.849998,94.0,95.849998,2400.0,5.3296681318681305,-1.6216216216216217
172,2019-06-03,NSE:AVG,92.0,104.5,92.0,104.0,12000.0,8.502871330263357,5.3296681318681305
173,2019-06-04,NSE:AVG,108.0,108.0,101.0,101.0,13200.0,-2.8846153846153846,8.502871330263357
174,2019-06-06,NSE:AVG,100.95,101.0,99.0,99.0,7200.0,-1.9801980198019802,-2.8846153846153846
175,2019-06-07,NSE:AVG,101.5,101.5,101.5,101.5,1200.0,2.525252525252525,-1.9801980198019802
176,2019-06-10,NSE:AVG,100.0,103.9,99.0,103.9,9600.0,2.364532019704439,2.525252525252525
177,2019-06-11,NSE:AVG,100.0,100.0,100.0,100.0,2400.0,-3.753609239653518,2.364532019704439
178,2019-06-12,NSE:AVG,102.0,102.0,102.0,102.0,2400.0,2.0,-3.753609239653518
179,2019-06-13,NSE:AVG,103.0,103.45,102.0,103.45,3600.0,1.4215686274509831,2.0
180,2019-06-14,NSE:AVG,103.0,104.85,103.0,104.85,2400.0,1.353310778153689,1.4215686274509831
181,2019-06-18,NSE:AVG,98.050003,98.050003,83.900002,83.949997,7200.0,-19.93324082021936,1.353310778153689
182,2019-06-19,NSE:AVG,78.599998,82.0,77.5,77.650002,25200.0,-7.5044612568598374,-19.93324082021936
183,2019-06-20,NSE:AVG,75.0,79.75,75.0,79.75,2400.0,2.704440368205012,-7.5044612568598374
184,2019-06-21,NSE:AVG,80.0,80.0,80.0,80.0,2400.0,0.3134796238244514,2.704440368205012
185,2019-06-24,NSE:AVG,78.050003,78.050003,78.050003,78.050003,1200.0,-2.4374962499999953,0.3134796238244514
186,2019-06-26,NSE:AVG,78.0,93.650002,78.0,92.0,99600.0,17.87315370122407,-2.4374962499999953
187,2019-06-28,NSE:AVG,96.0,96.0,96.0,96.0,1200.0,4.3478260869565215,17.87315370122407
188,2019-07-01,NSE:AVG,99.699997,101.9,90.0,90.0,9600.0,-6.25,4.3478260869565215
189,2019-07-02,NSE:AVG,93.0,93.0,93.0,93.0,1200.0,3.3333333333333335,-6.25
190,2019-07-03,NSE:AVG,92.5,92.5,92.449997,92.5,3600.0,-0.5376344086021506,3.3333333333333335
191,2019-07-04,NSE:AVG,96.5,96.5,96.5,96.5,1200.0,4.324324324324325,-0.5376344086021506
192,2019-07-05,NSE:AVG,95.75,95.75,95.75,95.75,1200.0,-0.7772020725388601,4.324324324324325
193,2019-07-08,NSE:AVG,90.300003,90.300003,90.300003,90.300003,1200.0,-5.691902872062659,-0.7772020725388601
194,2019-07-17,NSE:AVG,85.599998,85.599998,79.0,79.0,2400.0,-12.513845652917647,-5.691902872062659
195,2019-07-18,NSE:AVG,78.449997,78.449997,78.449997,78.449997,1200.0,-0.6962063291139288,-12.513845652917647
196,2019-07-19,NSE:AVG,82.300003,82.300003,79.75,79.75,2400.0,1.6571103246823629,-0.6962063291139288
197,2019-07-23,NSE:AVG,76.050003,78.099998,76.050003,78.099998,2400.0,-2.068968025078371,1.6571103246823629
198,2019-07-24,NSE:AVG,76.050003,76.050003,75.050003,75.699997,3600.0,-3.0729847137768216,-2.068968025078371
199,2019-07-30,NSE:AVG,75.25,75.25,67.0,75.0,87600.0,-0.9246988477423536,-3.0729847137768216
200,2019-08-01,NSE:AVG,72.050003,72.050003,72.050003,72.050003,1200.0,-3.933329333333328,-0.9246988477423536
201,2019-08-07,NSE:AVG,73.949997,73.949997,68.25,68.25,12000.0,-5.274119141952018,-3.933329333333328
202,2019-08-08,NSE:AVG,70.5,70.5,70.5,70.5,1200.0,3.296703296703297,-5.274119141952018
203,2019-08-09,NSE:AVG,72.849998,72.849998,72.849998,72.849998,1200.0,3.3333304964539,3.296703296703297
204,2019-08-13,NSE:AVG,68.0,71.0,68.0,71.0,2400.0,-2.539461977747754,3.3333304964539
205,2019-08-21,NSE:AVG,67.5,68.5,67.050003,68.0,8400.0,-4.225352112676056,-2.539461977747754
206,2019-08-26,NSE:AVG,79.5,79.5,79.5,79.5,1200.0,16.911764705882355,-4.225352112676056
207,2019-08-27,NSE:AVG,70.0,81.900002,70.0,81.400002,3600.0,2.3899396226415104,16.911764705882355
208,2019-08-28,NSE:AVG,78.0,78.0,78.0,78.0,1200.0,-4.176906531279938,2.3899396226415104
209,2019-08-29,NSE:AVG,80.0,80.0,80.0,80.0,2400.0,2.564102564102564,-4.176906531279938
210,2019-08-30,NSE:AVG,78.949997,78.949997,78.949997,78.949997,1200.0,-1.3125037500000047,2.564102564102564
211,2019-09-03,NSE:AVG,94.0,94.0,94.0,94.0,1200.0,19.062702434301553,-1.3125037500000047
212,2019-09-04,NSE:AVG,97.900002,97.900002,78.0,78.0,6000.0,-17.02127659574468,19.062702434301553
213,2019-09-09,NSE:AVG,80.0,80.0,80.0,80.0,2400.0,2.564102564102564,-17.02127659574468
214,2019-09-11,NSE:AVG,78.0,78.0,76.0,76.0,2400.0,-5.0,2.564102564102564
215,2019-09-13,NSE:AVG,75.0,75.0,75.0,75.0,1200.0,-1.3157894736842104,-5.0
216,2019-09-17,NSE:AVG,84.0,84.0,84.0,84.0,1200.0,12.0,-1.3157894736842104
217,2019-09-20,NSE:AVG,88.0,88.0,80.0,80.0,3600.0,-4.761904761904762,12.0
218,2019-09-25,NSE:AVG,80.0,80.0,80.0,80.0,1200.0,0.0,-4.761904761904762
219,2019-09-30,NSE:AVG,78.0,78.0,78.0,78.0,2400.0,-2.5,0.0
220,2019-10-10,NSE:AVG,87.5,87.5,87.5,87.5,1200.0,12.179487179487179,-2.5
221,2019-10-16,NSE:AVG,78.0,78.0,78.0,78.0,1200.0,-10.857142857142858,12.179487179487179
222,2019-10-18,NSE:AVG,80.0,80.0,80.0,80.0,1200.0,2.564102564102564,-10.857142857142858
223,2019-10-30,NSE:AVG,73.050003,73.050003,73.050003,73.050003,1200.0,-8.687496249999995,2.564102564102564
224,2019-11-04,NSE:AVG,70.25,70.25,70.25,70.25,1200.0,-3.8329950513486,-8.687496249999995
225,2019-11-05,NSE:AVG,75.0,75.0,75.0,75.0,1200.0,6.761565836298933,-3.8329950513486
226,2019-11-08,NSE:AVG,75.0,75.0,72.050003,72.050003,2400.0,-3.933329333333328,6.761565836298933
227,2019-11-13,NSE:AVG,78.0,78.0,78.0,78.0,1200.0,8.258149552054835,-3.933329333333328
228,2019-11-14,NSE:AVG,73.050003,73.050003,73.050003,73.050003,2400.0,-6.346149999999994,8.258149552054835
229,2019-11-19,NSE:AVG,78.0,78.0,78.0,78.0,2400.0,6.776176313093369,-6.346149999999994
230,2019-11-20,NSE:AVG,78.0,78.0,77.0,77.0,2400.0,-1.282051282051282,6.776176313093369
231,2019-11-21,NSE:AVG,77.0,77.0,77.0,77.0,2400.0,0.0,-1.282051282051282
232,2019-11-22,NSE:AVG,75.599998,75.599998,73.0,73.0,13200.0,-5.194805194805195,0.0
233,2019-11-25,NSE:AVG,79.0,79.0,77.5,77.849998,4800.0,6.643832876712327,-5.194805194805195
234,2019-11-28,NSE:AVG,73.099998,75.0,73.099998,73.800003,4800.0,-5.202305849770215,6.643832876712327
235,2019-11-29,NSE:AVG,70.25,70.25,70.25,70.25,1200.0,-4.810301972480954,-5.202305849770215
236,2019-12-06,NSE:AVG,70.0,70.0,70.0,70.0,1200.0,-0.3558718861209964,-4.810301972480954
237,2019-12-10,NSE:AVG,69.5,69.5,69.5,69.5,1200.0,-0.7142857142857143,-0.3558718861209964
238,2019-12-12,NSE:AVG,78.0,83.199997,70.0,72.0,12000.0,3.597122302158273,-0.7142857142857143
239,2019-12-16,NSE:AVG,70.25,70.25,70.099998,70.150002,3600.0,-2.5694416666666657,3.597122302158273
240,2019-12-18,NSE:AVG,70.099998,70.300003,69.0,69.0,6000.0,-1.6393470665902485,-2.5694416666666657
241,2019-12-19,NSE:AVG,70.5,70.5,70.5,70.5,1200.0,2.1739130434782608,-1.6393470665902485
242,2019-12-23,NSE:AVG,69.050003,73.949997,69.0,73.949997,4800.0,4.8936127659574415,2.1739130434782608
243,2019-12-24,NSE:AVG,70.0,70.0,67.0,67.050003,7200.0,-9.330621068179344,4.8936127659574415
244,2019-12-26,NSE:AVG,66.349998,66.349998,65.0,65.0,2400.0,-3.05742417341876,-9.330621068179344
245,2019-12-31,NSE:AVG,68.949997,68.949997,68.949997,68.949997,1200.0,6.076918461538456,-3.05742417341876
246,2020-01-02,NSE:AVG,64.0,64.0,64.0,64.0,2400.0,-7.179111262325358,6.076918461538456
247,2020-01-03,NSE:AVG,65.0,65.0,65.0,65.0,2400.0,1.5625,-7.179111262325358
248,2020-01-07,NSE:AVG,63.200001,63.200001,63.200001,63.200001,1200.0,-2.76922923076923,1.5625
249,2020-01-08,NSE:AVG,60.099998,60.099998,60.099998,60.099998,1200.0,-4.90506796036285,-2.76922923076923
250,2020-01-09,NSE:AVG,60.0,60.0,60.0,60.0,1200.0,-0.16638602883148076,-4.90506796036285
251,2020-01-22,NSE:AVG,60.0,60.0,60.0,60.0,1200.0,0.0,-0.16638602883148076
252,2020-01-27,NSE:AVG,69.949997,72.0,69.949997,70.0,7200.0,16.666666666666664,0.0
253,2020-01-28,NSE:AVG,84.0,84.0,75.0,75.0,3600.0,7.142857142857142,16.666666666666664
254,2020-01-29,NSE:AVG,82.0,82.0,82.0,82.0,1200.0,9.333333333333334,7.142857142857142
255,2020-01-30,NSE:AVG,67.050003,67.050003,66.050003,66.050003,3600.0,-19.451215853658532,9.333333333333334
256,2020-01-31,NSE:AVG,61.5,63.75,61.5,63.75,2400.0,-3.482214830482299,-19.451215853658532
257,2020-02-10,NSE:AVG,63.75,63.75,63.549999,63.650002,2400.0,-0.15685960784313627,-3.482214830482299
258,2020-02-17,NSE:AVG,61.650002,69.0,61.650002,65.300003,2400.0,2.5923031392834885,-0.15685960784313627
259,2020-02-20,NSE:AVG,61.0,61.049999,60.25,60.25,6000.0,-7.733541758030246,2.5923031392834885
260,2020-02-24,NSE:AVG,58.0,61.0,56.0,58.5,10800.0,-2.904564315352697,-7.733541758030246
261,2020-02-26,NSE:AVG,53.549999,55.099998,52.0,52.849998,4800.0,-9.658123076923077,-2.904564315352697
262,2020-02-27,NSE:AVG,57.849998,57.849998,57.849998,57.849998,1200.0,9.460738295581393,-9.658123076923077
263,2020-03-18,NSE:AVG,46.299999,46.299999,46.299999,46.299999,1200.0,-19.965426792236016,9.460738295581393
264,2020-03-19,NSE:AVG,37.049999,40.0,37.049999,40.0,3600.0,-13.606909581142753,-19.965426792236016
265,2020-03-20,NSE:AVG,36.0,36.0,36.0,36.0,1200.0,-10.0,-13.606909581142753
266,2020-03-23,NSE:AVG,38.0,38.0,32.400002,32.400002,25200.0,-9.999994444444443,-10.0
267,2020-03-25,NSE:AVG,30.0,30.0,30.0,30.0,1200.0,-7.407413122999191,-9.999994444444443
268,2020-04-01,NSE:AVG,27.200001,27.200001,27.0,27.0,8400.0,-10.0,-7.407413122999191
269,2020-04-03,NSE:AVG,24.299999,24.299999,24.299999,24.299999,1200.0,-10.000003703703705,-10.0
270,2020-04-08,NSE:AVG,25.0,25.0,23.1,23.1,8400.0,-4.93826769293282,-10.000003703703705
271,2020-04-21,NSE:AVG,24.25,24.25,24.25,24.25,2400.0,4.9783549783549725,-4.93826769293282
272,2020-04-24,NSE:AVG,25.450001,25.450001,25.450001,25.450001,1200.0,4.948457731958764,4.9783549783549725
273,2020-05-28,NSE:AVG,26.700001,26.700001,26.700001,26.700001,1200.0,4.911591162609385,4.948457731958764
274,2020-05-29,NSE:AVG,28.0,28.0,28.0,28.0,1200.0,4.868909930003372,4.911591162609385
275,2020-06-01,NSE:AVG,29.4,29.4,29.4,29.4,1200.0,4.999999999999995,4.868909930003372
276,2020-06-02,NSE:AVG,30.85,30.85,30.85,30.85,1200.0,4.9319727891156555,4.999999999999995
277,2020-06-03,NSE:AVG,32.349998,32.349998,32.349998,32.349998,1200.0,4.862230145867092,4.9319727891156555
278,2020-06-05,NSE:AVG,33.950001,33.950001,33.950001,33.950001,1200.0,4.945913752452167,4.862230145867092
279,2020-06-09,NSE:AVG,35.599998,35.599998,35.599998,35.599998,1200.0,4.860079385564669,4.945913752452167
280,2020-06-11,NSE:AVG,37.349998,37.349998,37.349998,37.349998,1200.0,4.915730613243293,4.860079385564669
281,2020-06-12,NSE:AVG,39.200001,39.200001,39.200001,39.200001,1200.0,4.953154214358997,4.915730613243293
282,2020-06-15,NSE:AVG,41.150002,41.150002,39.75,41.150002,15600.0,4.9744922200384645,4.953154214358997
283,2020-06-16,NSE:AVG,43.200001,43.200001,43.200001,43.200001,1200.0,4.981771325308805,4.9744922200384645
284,2020-06-17,NSE:AVG,45.349998,45.349998,45.349998,45.349998,1200.0,4.976844792202664,4.981771325308805
285,2020-06-18,NSE:AVG,47.599998,47.599998,47.599998,47.599998,1200.0,4.961411464670848,4.976844792202664
286,2020-06-22,NSE:AVG,49.950001,49.950001,49.950001,49.950001,2400.0,4.936981299873166,4.961411464670848
287,2020-06-23,NSE:AVG,52.400002,52.400002,49.950001,52.400002,10800.0,4.9049068087105745,4.936981299873166
288,2020-06-24,NSE:AVG,51.0,51.0,51.0,51.0,2400.0,-2.6717594400091826,4.9049068087105745
289,2020-06-29,NSE:AVG,51.0,51.0,51.0,51.0,20400.0,0.0,-2.6717594400091826
290,2020-06-30,NSE:AVG,51.0,51.0,51.0,51.0,1200.0,0.0,0.0
291,2020-07-02,NSE:AVG,48.5,48.849998,48.5,48.849998,2400.0,-4.215690196078432,0.0
292,2020-07-03,NSE:AVG,51.25,51.25,51.25,51.25,2400.0,4.913003271770862,-4.215690196078432
293,2020-07-06,NSE:AVG,49.150002,52.0,49.150002,50.799999,6000.0,-0.8780507317073176,4.913003271770862
294,2020-07-15,NSE:AVG,52.0,52.0,52.0,52.0,1200.0,2.362206739413519,-0.8780507317073176
295,2020-07-16,NSE:AVG,49.549999,52.0,49.400002,50.700001,7200.0,-2.4999980769230765,2.362206739413519
296,2020-07-17,NSE:AVG,48.25,48.25,48.200001,48.200001,6000.0,-4.930966372170288,-2.4999980769230765
297,2020-07-20,NSE:AVG,46.049999,46.049999,45.849998,45.849998,2400.0,-4.875524795113596,-4.930966372170288
298,2020-07-21,NSE:AVG,45.849998,45.849998,43.599998,43.599998,3600.0,-4.9073066480831695,-4.875524795113596
299,2020-07-22,NSE:AVG,41.450001,41.5,41.450001,41.450001,4800.0,-4.931186006017704,-4.9073066480831695
300,2020-07-23,NSE:AVG,39.400002,39.400002,39.400002,39.400002,1200.0,-4.945715200344626,-4.931186006017704
301,2020-07-24,NSE:AVG,37.450001,39.0,37.450001,39.0,2400.0,-1.0152334510033798,-4.945715200344626
302,2020-07-28,NSE:AVG,40.950001,40.950001,40.950001,40.950001,1200.0,5.000002564102565,-1.0152334510033798
303,2020-07-29,NSE:AVG,42.950001,42.950001,42.950001,42.950001,1200.0,4.884004764737368,5.000002564102565
304,2020-08-07,NSE:AVG,42.950001,42.950001,42.950001,42.950001,1200.0,0.0,4.884004764737368
305,2020-08-20,NSE:AVG,42.099998,42.099998,42.049999,42.049999,2400.0,-2.0954644448087456,0.0
306,2020-08-25,NSE:AVG,44.0,44.0,44.0,44.0,2400.0,4.637338992564543,-2.0954644448087456
307,2020-08-27,NSE:AVG,46.099998,46.099998,46.099998,46.099998,1200.0,4.772722727272726,4.637338992564543
308,2020-08-31,NSE:AVG,44.25,48.400002,44.25,48.400002,2400.0,4.989162906254359,4.772722727272726
309,2020-09-17,NSE:AVG,49.0,50.799999,49.0,50.799999,6000.0,4.958671282699532,4.989162906254359
310,2020-09-21,NSE:AVG,53.0,53.0,53.0,53.0,1200.0,4.330710715171471,4.958671282699532
311,2020-09-25,NSE:AVG,55.650002,55.650002,55.650002,55.650002,1200.0,5.000003773584907,4.330710715171471
312,2020-09-28,NSE:AVG,58.400002,58.400002,58.400002,58.400002,1200.0,4.941599103626268,5.000003773584907
313,2020-09-30,NSE:AVG,61.25,61.25,61.25,61.25,1200.0,4.880133394515979,4.941599103626268
314,2020-10-05,NSE:AVG,62.0,62.0,62.0,62.0,1200.0,1.2244897959183674,4.880133394515979
315,2020-10-06,NSE:AVG,65.0,65.0,65.0,65.0,1200.0,4.838709677419355,1.2244897959183674
316,2020-10-07,NSE:AVG,63.0,63.0,63.0,63.0,3600.0,-3.076923076923077,4.838709677419355
317,2020-10-08,NSE:AVG,65.5,65.5,64.5,65.0,2400.0,3.1746031746031744,-3.076923076923077
318,2020-10-09,NSE:AVG,63.0,63.0,61.75,61.75,13200.0,-5.0,3.1746031746031744
319,2020-10-12,NSE:AVG,61.0,61.0,61.0,61.0,1200.0,-1.214574898785425,-5.0
320,2020-10-19,NSE:AVG,57.950001,57.950001,57.950001,57.950001,3600.0,-4.999998360655737,-1.214574898785425
321,2020-11-09,NSE:AVG,55.099998,55.099998,55.099998,55.099998,2400.0,-4.918037878894948,-4.999998360655737
322,2020-11-12,NSE:AVG,52.349998,52.349998,52.349998,52.349998,1200.0,-4.99092577099549,-4.918037878894948
323,2020-11-14,NSE:AVG,51.0,51.0,50.799999,50.900002,2400.0,-2.7698109940710958,-4.99092577099549
324,2020-11-19,NSE:AVG,53.0,53.0,53.0,53.0,1200.0,4.1257326473189515,-2.7698109940710958
325,2020-11-23,NSE:AVG,50.599998,50.599998,50.599998,50.599998,1200.0,-4.5283056603773595,4.1257326473189515
326,2020-11-25,NSE:AVG,53.0,53.0,53.0,53.0,1200.0,4.743087143995541,-4.5283056603773595
327,2020-11-27,NSE:AVG,55.5,55.5,55.5,55.5,1200.0,4.716981132075472,4.743087143995541
328,2020-12-09,NSE:AVG,53.099998,57.799999,52.75,57.799999,4800.0,4.144142342342342,4.716981132075472
329,2020-12-10,NSE:AVG,57.799999,57.799999,55.200001,55.200001,2400.0,-4.498266513810838,4.144142342342342
330,2020-12-15,NSE:AVG,52.599998,54.599998,52.599998,54.599998,2400.0,-1.0869619368304015,-4.498266513810838
331,2020-12-23,NSE:AVG,54.599998,54.599998,54.599998,54.599998,1200.0,0.0,-1.0869619368304015
332,2020-12-29,NSE:AVG,54.599998,54.599998,54.599998,54.599998,2400.0,0.0,0.0
333,2021-01-06,NSE:AVG,54.599998,54.599998,54.599998,54.599998,1200.0,0.0,0.0
334,2021-01-07,NSE:AVG,54.599998,54.599998,54.0,54.0,2400.0,-1.0988974761500896,0.0
335,2021-01-08,NSE:AVG,52.0,52.0,52.0,52.0,1200.0,-3.7037037037037033,-1.0988974761500896
336,2021-01-11,NSE:AVG,54.599998,54.599998,51.5,51.5,2400.0,-0.9615384615384616,-3.7037037037037033
337,2021-01-12,NSE:AVG,51.5,51.5,51.5,51.5,1200.0,0.0,-0.9615384615384616
338,2021-01-19,NSE:AVG,51.5,51.5,51.5,51.5,1200.0,0.0,0.0
339,2021-01-22,NSE:AVG,51.5,51.5,51.5,51.5,1200.0,0.0,0.0
340,2021-02-01,NSE:AVG,51.0,51.0,50.0,50.0,3600.0,-2.912621359223301,0.0
341,2021-02-02,NSE:AVG,49.0,49.0,47.5,48.25,2400.0,-3.5000000000000004,-2.912621359223301
342,2021-02-03,NSE:AVG,45.849998,45.849998,45.849998,45.849998,2400.0,-4.9740974093264265,-3.5000000000000004
343,2021-02-04,NSE:AVG,43.599998,43.599998,43.599998,43.599998,2400.0,-4.9073066480831695,-4.9740974093264265
344,2021-02-05,NSE:AVG,43.5,45.75,42.599998,42.650002,4800.0,-2.178890008205961,-4.9073066480831695
345,2021-02-08,NSE:AVG,41.049999,43.25,41.0,43.25,12000.0,1.4067947757657768,-2.178890008205961
346,2021-02-09,NSE:AVG,44.0,45.400002,44.0,45.400002,3600.0,4.971102890173412,1.4067947757657768
347,2021-02-10,NSE:AVG,44.200001,47.599998,44.200001,45.0,10800.0,-0.8810616351955242,4.971102890173412
348,2021-02-11,NSE:AVG,45.25,46.599998,45.049999,46.599998,4800.0,3.5555511111111096,-0.8810616351955242
349,2021-02-12,NSE:AVG,45.299999,48.799999,45.25,46.299999,15600.0,-0.6437747057414029,3.5555511111111096
350,2021-02-15,NSE:AVG,45.0,45.049999,45.0,45.0,12000.0,-2.807773278785599,-0.6437747057414029
351,2021-02-17,NSE:AVG,42.75,42.75,42.75,42.75,2400.0,-5.0,-2.807773278785599
352,2021-02-18,NSE:AVG,40.650002,44.849998,40.650002,44.849998,6000.0,4.9122760233918115,-5.0
353,2021-02-22,NSE:AVG,43.549999,44.0,42.650002,42.75,10800.0,-4.682269996979708,4.9122760233918115
354,2021-02-23,NSE:AVG,42.75,42.75,42.0,42.0,12000.0,-1.7543859649122806,-4.682269996979708
355,2021-03-12,NSE:AVG,44.099998,44.099998,44.099998,44.099998,1200.0,4.999995238095237,-1.7543859649122806
356,2021-03-19,NSE:AVG,46.299999,46.299999,46.299999,46.299999,1200.0,4.988664625336265,4.999995238095237
357,2021-03-23,NSE:AVG,48.599998,48.599998,48.599998,48.599998,6000.0,4.96760053925703,4.988664625336265
358,2021-03-26,NSE:AVG,46.700001,46.700001,46.700001,46.700001,4800.0,-3.9094590086197103,4.96760053925703
359,2021-03-30,NSE:AVG,47.0,47.0,46.5,46.5,6000.0,-0.42826765678227785,-3.9094590086197103
360,2021-04-06,NSE:AVG,48.799999,48.799999,48.799999,48.799999,1200.0,4.94623440860215,-0.42826765678227785
361,2021-04-08,NSE:AVG,46.599998,46.599998,46.5,46.5,2400.0,-4.713112801498212,4.94623440860215
362,2021-04-09,NSE:AVG,46.549999,46.549999,46.5,46.5,7200.0,0.0,-4.713112801498212
363,2021-04-20,NSE:AVG,46.5,46.5,46.5,46.5,1200.0,0.0,0.0
364,2021-04-23,NSE:AVG,48.75,48.75,48.75,48.75,1200.0,4.838709677419355,0.0
365,2021-04-26,NSE:AVG,46.349998,46.349998,46.349998,46.349998,1200.0,-4.923081025641027,4.838709677419355
366,2021-05-03,NSE:AVG,44.049999,48.650002,44.049999,48.650002,3600.0,4.962252641305403,-4.923081025641027
367,2021-05-04,NSE:AVG,51.049999,51.049999,51.049999,51.049999,1200.0,4.933189930804112,4.962252641305403
368,2021-05-05,NSE:AVG,53.599998,53.599998,53.599998,53.599998,1200.0,4.995100979335964,4.933189930804112
369,2021-05-07,NSE:AVG,53.599998,53.599998,51.349998,51.349998,2400.0,-4.197761350662737,4.995100979335964
370,2021-05-11,NSE:AVG,48.799999,53.900002,48.799999,53.900002,3600.0,4.9659281388871745,-4.197761350662737
371,2021-05-12,NSE:AVG,53.900002,53.900002,53.900002,53.900002,2400.0,0.0,4.9659281388871745
372,2021-05-14,NSE:AVG,53.900002,53.900002,53.900002,53.900002,4800.0,0.0,0.0
373,2021-05-17,NSE:AVG,52.0,52.0,52.0,52.0,1200.0,-3.525049961964752,0.0
374,2021-05-19,NSE:AVG,54.599998,54.599998,54.599998,54.599998,2400.0,4.999996153846153,-3.525049961964752
375,2021-05-28,NSE:AVG,57.299999,57.299999,57.299999,57.299999,1200.0,4.945056957694394,4.999996153846153
376,2021-06-01,NSE:AVG,57.299999,57.299999,56.799999,56.799999,2400.0,-0.8726003642687673,4.945056957694394
377,2021-06-03,NSE:AVG,54.0,54.200001,54.0,54.200001,4800.0,-4.577461348194741,-0.8726003642687673
378,2021-06-10,NSE:AVG,56.900002,56.900002,56.900002,56.900002,1200.0,4.9815515686060605,-4.577461348194741
379,2021-06-11,NSE:AVG,54.099998,54.099998,54.099998,54.099998,1200.0,-4.920920740916672,4.9815515686060605
380,2021-06-15,NSE:AVG,56.799999,56.799999,56.799999,56.799999,1200.0,4.9907598887526765,-4.920920740916672
381,2021-06-16,NSE:AVG,59.599998,59.599998,59.599998,59.599998,4800.0,4.929575791013658,4.9907598887526765
382,2021-06-21,NSE:AVG,60.950001,61.0,60.950001,61.0,3600.0,2.3489967231206963,4.929575791013658
383,2021-06-22,NSE:AVG,62.0,62.0,62.0,62.0,1200.0,1.639344262295082,2.3489967231206963
384,2021-06-23,NSE:AVG,65.050003,65.099998,65.050003,65.099998,2400.0,4.999996774193547,1.639344262295082
385,2021-06-24,NSE:AVG,68.349998,68.349998,68.349998,68.349998,1200.0,4.992319661822417,4.999996774193547
386,2021-06-25,NSE:AVG,71.75,71.75,71.75,71.75,1200.0,4.974399560333565,4.992319661822417
387,2021-06-30,NSE:AVG,75.25,75.300003,75.25,75.300003,3600.0,4.947739372822305,4.974399560333565
388,2021-07-01,NSE:AVG,79.050003,79.050003,79.050003,79.050003,1200.0,4.980079482865359,4.947739372822305
389,2021-07-02,NSE:AVG,83.0,83.0,83.0,83.0,1200.0,4.996833459955714,4.980079482865359
390,2021-07-05,NSE:AVG,83.0,83.0,78.849998,80.900002,3600.0,-2.530118072289156,4.996833459955714
391,2021-07-06,NSE:AVG,83.0,83.0,76.900002,76.900002,3600.0,-4.944375650324458,-2.530118072289156
392,2021-07-07,NSE:AVG,76.800003,76.800003,76.800003,76.800003,1200.0,-0.1300377079313949,-4.944375650324458
393,2021-07-14,NSE:AVG,78.849998,78.849998,78.0,78.0,2400.0,1.5624960327149937,-0.1300377079313949
394,2021-07-27,NSE:AVG,80.0,80.0,80.0,80.0,3600.0,2.564102564102564,1.5624960327149937
395,2021-08-03,NSE:AVG,82.0,82.0,81.0,81.0,2400.0,1.25,2.564102564102564
396,2021-08-10,NSE:AVG,76.949997,76.949997,76.949997,76.949997,2400.0,-5.000003703703708,1.25
397,2021-08-13,NSE:AVG,73.5,75.0,73.5,75.0,3600.0,-2.5341092605890503,-5.000003703703708
398,2021-08-24,NSE:AVG,76.400002,76.5,76.400002,76.5,2400.0,2.0,-2.5341092605890503
399,2021-08-25,NSE:AVG,73.0,73.0,73.0,73.0,3600.0,-4.57516339869281,2.0
400,2021-08-26,NSE:AVG,69.349998,69.349998,69.349998,69.349998,4800.0,-5.000002739726028,-4.57516339869281
401,2021-08-27,NSE:AVG,69.0,69.0,65.900002,65.900002,4800.0,-4.97476005695054,-5.000002739726028
402,2021-08-30,NSE:AVG,62.950001,62.950001,62.950001,62.950001,2400.0,-4.476480896009686,-4.97476005695054
403,2021-08-31,NSE:AVG,63.0,63.0,63.0,63.0,1200.0,0.07942652772952248,-4.476480896009686
404,2021-09-09,NSE:AVG,63.0,63.0,63.0,63.0,1200.0,0.0,0.07942652772952248
405,2021-09-14,NSE:AVG,60.099998,62.099998,60.099998,62.099998,7200.0,-1.4285746031746043,0.0
406,2021-09-15,NSE:AVG,65.0,65.0,65.0,65.0,1200.0,4.669890649593903,-1.4285746031746043
407,2021-09-20,NSE:AVG,62.099998,62.099998,61.799999,61.799999,2400.0,-4.923078461538462,4.669890649593903
408,2021-09-21,NSE:AVG,60.0,60.0,58.799999,58.799999,2400.0,-4.854369010588496,-4.923078461538462
409,2021-09-23,NSE:AVG,56.049999,56.299999,56.049999,56.299999,2400.0,-4.251700752579945,-4.854369010588496
410,2021-09-27,NSE:AVG,59.0,59.0,59.0,59.0,1200.0,4.795738983938526,-4.251700752579945
411,2021-09-28,NSE:AVG,61.5,61.5,57.0,57.0,3600.0,-3.389830508474576,4.795738983938526
412,2021-09-29,NSE:AVG,57.25,57.25,57.25,57.25,1200.0,0.43859649122807015,-3.389830508474576
413,2021-10-01,NSE:AVG,57.25,57.25,54.799999,54.799999,4800.0,-4.279477729257643,0.43859649122807015
414,2021-10-04,NSE:AVG,56.75,57.5,56.0,57.5,8400.0,4.927009213996519,-4.279477729257643
415,2021-10-08,NSE:AVG,60.0,60.349998,60.0,60.349998,4800.0,4.956518260869564,4.927009213996519
416,2021-10-11,NSE:AVG,63.349998,63.349998,63.349998,63.349998,2400.0,4.9710026502403535,4.956518260869564
417,2021-10-13,NSE:AVG,63.0,63.0,63.0,63.0,1200.0,-0.5524830482236154,4.9710026502403535
418,2021-10-14,NSE:AVG,63.0,63.0,63.0,63.0,1200.0,0.0,-0.5524830482236154
419,2021-10-19,NSE:AVG,60.0,60.0,60.0,60.0,1200.0,-4.761904761904762,0.0
420,2021-10-21,NSE:AVG,60.0,60.0,60.0,60.0,7200.0,0.0,-4.761904761904762
421,2021-10-25,NSE:AVG,58.0,58.0,57.0,57.0,2400.0,-5.0,0.0
422,2021-10-29,NSE:AVG,59.849998,59.849998,59.849998,59.849998,1200.0,4.999996491228069,-5.0
423,2021-11-01,NSE:AVG,58.0,58.0,58.0,58.0,2400.0,-3.0910577474037666,4.999996491228069
424,2021-11-02,NSE:AVG,60.900002,60.900002,56.25,56.25,2400.0,-3.0172413793103448,-3.0910577474037666
425,2021-11-04,NSE:AVG,53.5,53.5,53.5,53.5,1200.0,-4.888888888888889,-3.0172413793103448
426,2021-11-08,NSE:AVG,51.099998,53.0,51.099998,53.0,2400.0,-0.9345794392523363,-4.888888888888889
427,2021-11-11,NSE:AVG,55.650002,55.650002,55.650002,55.650002,9600.0,5.000003773584907,-0.9345794392523363
428,2021-11-12,NSE:AVG,58.400002,58.400002,58.400002,58.400002,6000.0,4.941599103626268,5.000003773584907
429,2021-11-15,NSE:AVG,58.400002,61.299999,58.400002,61.299999,2400.0,4.965748117611364,4.941599103626268
430,2021-11-16,NSE:AVG,62.5,64.349998,62.5,64.349998,7200.0,4.975528629290841,4.965748117611364
431,2021-11-17,NSE:AVG,64.349998,64.349998,64.349998,64.349998,1200.0,0.0,4.975528629290841
432,2021-11-18,NSE:AVG,61.599998,66.949997,61.150002,66.949997,3600.0,4.04040261197832,0.0
433,2021-11-26,NSE:AVG,63.650002,63.650002,63.650002,63.650002,1200.0,-4.929044283601679,4.04040261197832
434,2021-11-29,NSE:AVG,60.5,66.75,60.5,66.75,6000.0,4.870381622297513,-4.929044283601679
435,2021-11-30,NSE:AVG,69.5,69.5,64.0,64.0,2400.0,-4.119850187265917,4.870381622297513
436,2021-12-01,NSE:AVG,64.0,64.0,64.0,64.0,2400.0,0.0,-4.119850187265917
437,2021-12-02,NSE:AVG,67.150002,67.150002,67.150002,67.150002,1200.0,4.921878125000001,0.0
438,2021-12-03,NSE:AVG,70.5,70.5,69.699997,69.699997,3600.0,3.797460795310171,4.921878125000001
439,2021-12-06,NSE:AVG,66.550003,66.550003,66.550003,66.550003,1200.0,-4.519360309298138,3.797460795310171
440,2021-12-07,NSE:AVG,69.800003,69.800003,69.800003,69.800003,1200.0,4.883545985715433,-4.519360309298138
441,2021-12-08,NSE:AVG,73.199997,73.199997,67.0,70.949997,10800.0,1.6475558031136366,4.883545985715433
442,2021-12-13,NSE:AVG,67.449997,67.449997,67.449997,67.449997,8400.0,-4.9330516532650455,1.6475558031136366
443,2021-12-21,NSE:AVG,64.099998,69.849998,64.099998,69.849998,2400.0,3.558192893618666,-4.9330516532650455
444,2021-12-23,NSE:AVG,73.25,73.25,73.25,73.25,3600.0,4.8675763741611,3.558192893618666
445,2021-12-28,NSE:AVG,69.699997,69.699997,69.699997,69.699997,1200.0,-4.846420477815705,4.8675763741611
446,2021-12-31,NSE:AVG,69.5,69.5,69.5,69.5,3600.0,-0.2869397541007014,-4.846420477815705
447,2022-01-05,NSE:AVG,67.099998,67.099998,67.099998,67.099998,1200.0,-3.453240287769785,-0.2869397541007014
448,2022-01-06,NSE:AVG,67.150002,67.150002,67.150002,67.150002,1200.0,0.07452161175921536,-3.453240287769785
449,2022-01-10,NSE:AVG,65.0,65.0,63.799999,63.900002,6000.0,-4.839910503651214,0.07452161175921536
450,2022-01-11,NSE:AVG,60.75,62.25,60.75,62.25,3600.0,-2.5821626734847376,-4.839910503651214
451,2022-01-13,NSE:AVG,63.900002,64.0,63.900002,64.0,2400.0,2.8112449799196786,-2.5821626734847376
452,2022-01-14,NSE:AVG,64.0,64.0,60.799999,61.25,4800.0,-4.296875,2.8112449799196786
453,2022-01-17,NSE:AVG,61.450001,62.5,61.450001,62.5,3600.0,2.0408163265306123,-4.296875
454,2022-01-18,NSE:AVG,62.5,62.5,62.5,62.5,2400.0,0.0,2.0408163265306123
455,2022-01-20,NSE:AVG,59.799999,59.799999,59.799999,59.799999,1200.0,-4.320001600000001,0.0
456,2022-01-24,NSE:AVG,58.0,58.0,58.0,58.0,1200.0,-3.0100318229102307,-4.320001600000001
457,2022-01-25,NSE:AVG,55.099998,55.099998,55.099998,55.099998,2400.0,-5.000003448275863,-3.0100318229102307
458,2022-01-27,NSE:AVG,52.349998,54.0,52.349998,54.0,3600.0,-1.996366678633998,-5.000003448275863
459,2022-01-31,NSE:AVG,56.700001,56.700001,56.700001,56.700001,2400.0,5.000001851851852,-1.996366678633998
460,2022-02-02,NSE:AVG,53.900002,53.900002,53.900002,53.900002,1200.0,-4.938269754175137,5.000001851851852
461,2022-02-03,NSE:AVG,52.049999,52.049999,51.25,51.25,31200.0,-4.916515587513337,-4.938269754175137
462,2022-02-04,NSE:AVG,51.25,53.799999,51.25,53.799999,4800.0,4.975607804878048,-4.916515587513337
463,2022-02-08,NSE:AVG,56.400002,56.400002,53.799999,56.400002,4800.0,4.832719420682519,4.975607804878048
464,2022-02-09,NSE:AVG,59.099998,59.099998,59.099998,59.099998,1200.0,4.787226780594793,4.832719420682519
465,2022-02-10,NSE:AVG,61.0,61.400002,61.0,61.0,3600.0,3.214893509810272,4.787226780594793
466,2022-02-11,NSE:AVG,64.0,64.0,64.0,64.0,1200.0,4.918032786885246,3.214893509810272
467,2022-02-14,NSE:AVG,61.0,61.0,61.0,61.0,1200.0,-4.6875,4.918032786885246
468,2022-02-16,NSE:AVG,64.0,64.0,62.0,64.0,3600.0,4.918032786885246,-4.6875
469,2022-02-17,NSE:AVG,63.0,67.199997,63.0,67.199997,4800.0,4.999995312499994,4.918032786885246
470,2022-02-18,NSE:AVG,70.5,70.550003,70.400002,70.550003,7200.0,4.985128198740854,4.999995312499994
471,2022-02-21,NSE:AVG,70.0,73.949997,67.099998,70.400002,6000.0,-0.21261657494189354,4.985128198740854
472,2022-02-22,NSE:AVG,69.0,72.800003,69.0,72.650002,6000.0,3.1960226364766293,-0.21261657494189354
473,2022-02-23,NSE:AVG,76.199997,76.199997,76.199997,76.199997,1200.0,4.88643482762739,3.1960226364766293
474,2022-02-24,NSE:AVG,72.400002,78.949997,72.400002,78.949997,3600.0,3.6089240265980584,4.88643482762739
475,2022-02-25,NSE:AVG,82.800003,82.800003,75.199997,81.0,9600.0,2.596584012536446,3.6089240265980584
476,2022-03-10,NSE:AVG,85.0,85.0,85.0,85.0,1200.0,4.938271604938271,2.596584012536446
477,2022-04-08,NSE:AVG,81.0,81.0,80.75,81.0,4800.0,-4.705882352941177,4.938271604938271
478,2022-04-25,NSE:AVG,76.949997,76.949997,76.949997,76.949997,2400.0,-5.000003703703708,-4.705882352941177
479,2022-04-26,NSE:AVG,73.150002,73.150002,73.150002,73.150002,2400.0,-4.938265299737433,-5.000003703703708
480,2022-04-27,NSE:AVG,70.0,72.949997,69.5,72.949997,3600.0,-0.2734176275210552,-4.938265299737433
481,2022-05-05,NSE:AVG,76.550003,76.550003,76.550003,76.550003,1200.0,4.934895336596118,-0.2734176275210552
482,2022-05-09,NSE:AVG,80.300003,80.300003,79.800003,79.800003,2400.0,4.2455909505320335,4.934895336596118
483,2022-05-13,NSE:AVG,75.849998,75.849998,75.849998,75.849998,1200.0,-4.949880766295214,4.2455909505320335
484,2022-05-16,NSE:AVG,72.099998,72.099998,72.099998,72.099998,1200.0,-4.943968488964232,-4.949880766295214
485,2022-05-19,NSE:AVG,68.5,68.5,68.5,68.5,1200.0,-4.993062551818656,-4.943968488964232
486,2022-05-20,NSE:AVG,65.099998,65.099998,65.099998,65.099998,1200.0,-4.963506569343067,-4.993062551818656
487,2022-05-23,NSE:AVG,62.0,62.0,61.849998,61.849998,2400.0,-4.992319661822417,-4.963506569343067
488,2022-05-25,NSE:AVG,64.900002,64.900002,64.900002,64.900002,1200.0,4.93129199454461,-4.992319661822417
489,2022-05-26,NSE:AVG,68.099998,68.099998,68.099998,68.099998,1200.0,4.93065624250674,4.93129199454461
490,2022-06-07,NSE:AVG,64.699997,70.949997,64.699997,64.800003,6000.0,-4.845807778144128,4.93065624250674
491,2022-06-08,NSE:AVG,64.800003,64.800003,64.800003,64.800003,1200.0,0.0,-4.845807778144128
492,2022-06-10,NSE:AVG,61.700001,61.700001,61.700001,61.700001,1200.0,-4.783953482224381,0.0
493,2022-06-15,NSE:AVG,63.450001,64.599998,59.0,64.599998,3600.0,4.700157136140077,-4.783953482224381
494,2022-06-16,NSE:AVG,67.300003,67.300003,67.300003,67.300003,1200.0,4.179574432804169,4.700157136140077
495,2022-06-23,NSE:AVG,63.950001,69.800003,63.950001,69.800003,4800.0,3.7147100870114373,4.179574432804169
496,2022-06-24,NSE:AVG,66.349998,72.849998,66.349998,72.849998,2400.0,4.369620156033511,3.7147100870114373
497,2022-06-27,NSE:AVG,76.0,76.0,69.300003,74.900002,3600.0,2.814006940672807,4.369620156033511
498,2022-07-07,NSE:AVG,76.949997,77.0,71.199997,71.199997,3600.0,-4.939926436851103,2.814006940672807
499,2022-07-22,NSE:AVG,67.650002,67.650002,67.650002,67.650002,2400.0,-4.985948243789949,-4.939926436851103
500,2022-07-26,NSE:AVG,64.300003,66.949997,64.300003,66.949997,2400.0,-1.0347449804953508,-4.985948243789949
501,2022-07-27,NSE:AVG,63.650002,63.650002,63.650002,63.650002,1200.0,-4.929044283601679,-1.0347449804953508
502,2022-07-28,NSE:AVG,60.549999,60.549999,60.549999,60.549999,2400.0,-4.870389477756812,-4.929044283601679
503,2022-08-03,NSE:AVG,57.549999,57.549999,57.549999,57.549999,1200.0,-4.95458307109138,-4.870389477756812
504,2022-08-04,NSE:AVG,55.0,55.0,55.0,55.0,1200.0,-4.4309279657850205,-4.95458307109138
505,2022-08-05,NSE:AVG,55.0,57.700001,53.099998,53.099998,6000.0,-3.454549090909092,-4.4309279657850205
506,2022-08-08,NSE:AVG,54.900002,55.75,54.900002,55.75,3600.0,4.990587758590878,-3.454549090909092
507,2022-08-10,NSE:AVG,58.450001,58.450001,58.450001,58.450001,1200.0,4.843051121076234,4.990587758590878
508,2022-08-11,NSE:AVG,61.25,61.349998,57.700001,57.700001,4800.0,-1.2831479677818995,4.843051121076234
509,2022-08-12,NSE:AVG,60.5,60.5,60.5,60.5,1200.0,4.852684491287963,-1.2831479677818995
510,2022-08-16,NSE:AVG,63.5,63.5,63.5,63.5,1200.0,4.958677685950414,4.852684491287963
511,2022-08-18,NSE:AVG,61.0,61.0,61.0,61.0,1200.0,-3.937007874015748,4.958677685950414
512,2022-08-19,NSE:AVG,58.349998,58.349998,58.349998,58.349998,1200.0,-4.3442655737704925,-3.937007874015748
513,2022-08-22,NSE:AVG,56.200001,56.200001,56.200001,56.200001,1200.0,-3.6846565101853113,-4.3442655737704925
514,2022-08-25,NSE:AVG,59.0,59.0,57.0,57.0,2400.0,1.4234857397956269,-3.6846565101853113
515,2022-08-30,NSE:AVG,59.849998,59.849998,59.849998,59.849998,1200.0,4.999996491228069,1.4234857397956269
516,2022-09-02,NSE:AVG,62.799999,62.799999,59.900002,59.900002,13200.0,0.0835488749723956,4.999996491228069
517,2022-09-05,NSE:AVG,62.849998,62.849998,62.849998,62.849998,2400.0,4.9248679490862095,0.0835488749723956
518,2022-09-06,NSE:AVG,65.949997,65.949997,65.949997,65.949997,2400.0,4.932377245262597,4.9248679490862095
519,2022-09-07,NSE:AVG,69.199997,69.199997,69.199997,69.199997,2400.0,4.9279759633650935,4.932377245262597
520,2022-09-08,NSE:AVG,72.650002,72.650002,72.650002,72.650002,13200.0,4.985556574518355,4.9279759633650935
521,2022-09-09,NSE:AVG,76.25,76.25,76.25,76.25,4800.0,4.9552620796899625,4.985556574518355
522,2022-09-12,NSE:AVG,80.0,80.050003,76.099998,76.099998,13200.0,-0.19672393442623035,4.9552620796899625
523,2022-09-13,NSE:AVG,79.900002,79.900002,79.900002,79.900002,2400.0,4.993435085241397,-0.19672393442623035
524,2022-09-14,NSE:AVG,79.900002,83.849998,79.900002,83.849998,12000.0,4.943674469495005,4.993435085241397
525,2022-09-15,NSE:AVG,88.0,88.0,80.0,87.849998,6000.0,4.770423488859237,4.943674469495005
526,2022-09-16,NSE:AVG,92.0,92.0,92.0,92.0,9600.0,4.72396368182046,4.770423488859237
527,2022-09-19,NSE:AVG,96.599998,96.599998,90.050003,96.599998,15600.0,4.999997826086956,4.72396368182046
528,2022-09-20,NSE:AVG,101.4,101.4,101.2,101.2,40800.0,4.761906930888346,4.999997826086956
529,2022-09-21,NSE:AVG,106.25,106.25,106.25,106.25,15600.0,4.990118577075096,4.761906930888346
530,2022-09-22,NSE:AVG,111.55,111.55,111.55,111.55,9600.0,4.988235294117644,4.990118577075096
531,2022-09-23,NSE:AVG,117.1,117.1,117.1,117.1,6000.0,4.975347377857461,4.988235294117644
532,2022-09-26,NSE:AVG,122.95,122.95,111.25,111.25,98400.0,-4.9957301451750595,4.975347377857461
533,2022-09-27,NSE:AVG,105.7,110.0,105.7,105.7,26400.0,-4.988764044943818,-4.9957301451750595
534,2022-09-28,NSE:AVG,100.45,100.45,100.45,100.45,8400.0,-4.966887417218543,-4.988764044943818
535,2022-09-29,NSE:AVG,100.45,101.0,100.45,101.0,2400.0,0.5475360876057712,-4.966887417218543
536,2022-09-30,NSE:AVG,101.7,104.9,101.7,104.9,4800.0,3.861386138613867,0.5475360876057712
537,2022-10-03,NSE:AVG,110.0,110.1,109.9,110.05,24000.0,4.909437559580544,3.861386138613867
538,2022-10-04,NSE:AVG,115.0,115.55,112.0,115.55,15600.0,4.997728305315766,4.909437559580544
539,2022-10-06,NSE:AVG,121.3,121.3,115.0,121.3,14400.0,4.9762007788836,4.997728305315766
540,2022-10-07,NSE:AVG,127.0,127.35,126.9,127.35,13200.0,4.987633965375101,4.9762007788836
541,2022-10-10,NSE:AVG,132.95,133.7,131.0,133.7,16800.0,4.986258343148798,4.987633965375101
542,2022-10-11,NSE:AVG,140.35001,140.35001,140.35001,140.35001,14400.0,4.973829468960366,4.986258343148798
543,2022-10-12,NSE:AVG,146.85001,147.35001,133.35001,133.5,70800.0,-4.88066228139207,4.973829468960366
544,2022-10-13,NSE:AVG,135.0,135.0,126.85,127.45,12000.0,-4.5318352059925076,-4.88066228139207
545,2022-10-14,NSE:AVG,127.3,133.5,121.25,126.5,33600.0,-0.7453903491565341,-4.5318352059925076
546,2022-10-17,NSE:AVG,122.0,122.0,120.2,120.2,7200.0,-4.9802371541501955,-0.7453903491565341
547,2022-10-18,NSE:AVG,125.0,125.95,120.0,123.15,12000.0,2.4542429284525813,-4.9802371541501955
548,2022-10-19,NSE:AVG,117.25,128.0,117.25,121.0,20400.0,-1.7458384084449903,2.4542429284525813
549,2022-10-20,NSE:AVG,122.0,123.9,122.0,123.9,12000.0,2.3966942148760375,-1.7458384084449903
550,2022-10-25,NSE:AVG,128.55,128.55,119.0,119.0,6000.0,-3.95480225988701,2.3966942148760375
551,2022-10-28,NSE:AVG,119.0,123.85,113.25,115.1,9600.0,-3.277310924369753,-3.95480225988701
552,2022-10-31,NSE:AVG,113.1,113.25,113.0,113.0,8400.0,-1.8245004344048605,-3.277310924369753
553,2022-11-01,NSE:AVG,113.0,113.0,111.0,111.0,7200.0,-1.7699115044247788,-1.8245004344048605
554,2022-11-02,NSE:AVG,112.95,113.0,111.0,113.0,6000.0,1.8018018018018018,-1.7699115044247788
555,2022-11-03,NSE:AVG,118.6,118.6,118.6,118.6,1200.0,4.955752212389376,1.8018018018018018
556,2022-11-04,NSE:AVG,124.45,124.45,124.45,124.45,1200.0,4.93254637436763,4.955752212389376
557,2022-11-07,NSE:AVG,118.25,124.4,118.25,124.4,2400.0,-0.04017677782241636,4.93254637436763
558,2022-11-09,NSE:AVG,122.9,122.9,122.9,122.9,1200.0,-1.2057877813504823,-0.04017677782241636
559,2022-11-10,NSE:AVG,128.85001,128.85001,128.85001,128.85001,1200.0,4.8413425549226945,-1.2057877813504823
560,2022-11-14,NSE:AVG,126.0,135.25,126.0,135.2,25200.0,4.928202954737832,4.8413425549226945
561,2022-11-15,NSE:AVG,140.0,141.89999,128.5,135.8,9600.0,0.4437869822485375,4.928202954737832
562,2022-11-16,NSE:AVG,129.05,138.2,129.05,129.5,12000.0,-4.639175257731966,0.4437869822485375
563,2022-11-18,NSE:AVG,123.05,123.05,123.05,123.05,8400.0,-4.980694980694983,-4.639175257731966
564,2022-11-21,NSE:AVG,129.2,129.2,127.0,127.0,13200.0,3.2100772043884627,-4.980694980694983
565,2022-11-23,NSE:AVG,121.0,121.0,120.65,120.65,12000.0,-4.999999999999996,3.2100772043884627
566,2022-11-24,NSE:AVG,120.6,126.6,120.6,126.6,2400.0,4.931620389556559,-4.999999999999996
567,2022-11-25,NSE:AVG,126.6,131.95,126.6,128.0,3600.0,1.10584518167457,4.931620389556559
568,2022-11-28,NSE:AVG,128.0,128.0,128.0,128.0,1200.0,0.0,1.10584518167457
569,2022-11-29,NSE:AVG,128.0,128.0,127.95,127.95,2400.0,-0.03906249999999778,0.0
570,2022-11-30,NSE:AVG,126.9,126.9,123.0,123.0,2400.0,-3.8686987104337653,-0.03906249999999778
571,2022-12-01,NSE:AVG,128.85001,128.85001,127.25,127.5,3600.0,3.6585365853658534,-3.8686987104337653
572,2022-12-07,NSE:AVG,128.0,128.0,126.0,126.0,3600.0,-1.1764705882352942,3.6585365853658534
573,2022-12-09,NSE:AVG,124.0,124.0,124.0,124.0,1200.0,-1.5873015873015872,-1.1764705882352942
574,2022-12-13,NSE:AVG,120.0,120.0,120.0,120.0,1200.0,-3.225806451612903,-1.5873015873015872
575,2022-12-15,NSE:AVG,108.05,108.05,108.05,108.05,1200.0,-9.958333333333336,-3.225806451612903
576,2022-12-16,NSE:AVG,118.8,118.8,118.8,118.8,1200.0,9.94909763998149,-9.958333333333336
577,2023-01-09,NSE:AVG,116.25,118.0,116.25,118.0,2400.0,-0.673400673400671,9.94909763998149
578,2023-01-12,NSE:AVG,110.0,117.5,110.0,115.0,6000.0,-2.5423728813559325,-0.673400673400671
579,2023-01-13,NSE:AVG,118.0,118.0,110.6,110.6,3600.0,-3.8260869565217437,-2.5423728813559325
580,2023-01-17,NSE:AVG,99.949997,118.85,99.949997,118.85,2400.0,7.459312839059675,-3.8260869565217437
581,2023-01-18,NSE:AVG,111.0,111.0,109.9,109.9,9600.0,-7.530500631047529,7.459312839059675
582,2023-01-19,NSE:AVG,109.9,109.9,109.9,109.9,1200.0,0.0,-7.530500631047529
583,2023-01-20,NSE:AVG,110.0,110.0,110.0,110.0,1200.0,0.09099181073702849,0.0
584,2023-01-25,NSE:AVG,121.0,121.0,116.0,116.5,3600.0,5.909090909090909,0.09099181073702849
585,2023-01-27,NSE:AVG,123.0,123.9,111.0,113.5,20400.0,-2.575107296137339,5.909090909090909
586,2023-01-31,NSE:AVG,117.95,118.0,113.5,113.5,4800.0,0.0,-2.575107296137339
587,2023-02-02,NSE:AVG,105.0,110.0,105.0,109.0,10800.0,-3.9647577092511015,0.0
588,2023-02-03,NSE:AVG,110.0,119.0,110.0,117.0,7200.0,7.339449541284404,-3.9647577092511015
589,2023-02-06,NSE:AVG,127.95,128.7,127.95,128.7,32400.0,9.999999999999991,7.339449541284404
590,2023-02-07,NSE:AVG,134.0,135.10001,132.0,135.10001,14400.0,4.97281274281275,9.999999999999991
591,2023-02-08,NSE:AVG,139.89999,141.85001,139.89999,141.85001,6000.0,4.99629866792756,4.97281274281275
592,2023-02-09,NSE:AVG,148.89999,148.89999,148.89999,148.89999,14400.0,4.970024323579537,4.99629866792756
593,2023-02-10,NSE:AVG,156.3,156.3,156.3,156.3,14400.0,4.969785424431532,4.970024323579537
594,2023-02-13,NSE:AVG,164.10001,164.10001,164.10001,164.10001,12000.0,4.99040946896992,4.969785424431532
595,2023-02-14,NSE:AVG,172.3,172.3,172.3,172.3,6000.0,4.99694667904043,4.99040946896992
596,2023-02-15,NSE:AVG,180.89999,180.89999,167.0,169.0,50400.0,-1.9152640742890372,4.99694667904043
597,2023-02-16,NSE:AVG,163.0,163.0,160.60001,160.60001,6000.0,-4.97040828402367,-1.9152640742890372
598,2023-02-17,NSE:AVG,167.95,167.95,157.0,157.0,3600.0,-2.2416001094894065,-4.97040828402367
599,2023-02-20,NSE:AVG,164.85001,164.85001,159.5,164.8,9600.0,4.968152866242045,-2.2416001094894065
600,2023-02-21,NSE:AVG,168.0,172.5,168.0,172.5,8400.0,4.672330097087372,4.968152866242045
601,2023-03-01,NSE:AVG,164.5,180.5,164.5,180.5,4800.0,4.63768115942029,4.672330097087372
602,2023-03-02,NSE:AVG,172.0,172.0,172.0,172.0,1200.0,-4.7091412742382275,4.63768115942029
603,2023-03-15,NSE:AVG,172.0,177.0,168.0,169.0,14400.0,-1.744186046511628,-4.7091412742382275
604,2023-03-17,NSE:AVG,161.0,161.0,161.0,161.0,1200.0,-4.733727810650888,-1.744186046511628
605,2023-03-21,NSE:AVG,152.95,168.95,152.95,168.95,2400.0,4.937888198757757,-4.733727810650888
606,2023-04-11,NSE:AVG,168.0,168.0,161.0,161.0,3600.0,-4.705534181710559,4.937888198757757
607,2023-04-12,NSE:AVG,153.0,154.0,153.0,154.0,3600.0,-4.3478260869565215,-4.705534181710559
608,2023-04-13,NSE:AVG,154.0,154.0,154.0,154.0,1200.0,0.0,-4.3478260869565215
609,2023-04-18,NSE:AVG,158.60001,161.7,158.60001,161.7,2400.0,4.999999999999993,0.0
610,2023-04-20,NSE:AVG,155.0,163.8,155.0,163.8,2400.0,1.298701298701313,4.999999999999993
611,2023-04-24,NSE:AVG,155.64999,168.95,155.64999,155.64999,27600.0,-4.975586080586085,1.298701298701313
612,2023-04-25,NSE:AVG,163.0,163.39999,163.0,163.39999,8400.0,4.979120140001294,-4.975586080586085
613,2023-04-26,NSE:AVG,168.0,168.0,168.0,168.0,4800.0,2.8151837708190786,4.979120140001294
614,2023-04-27,NSE:AVG,167.0,167.0,167.0,167.0,2400.0,-0.5952380952380952,2.8151837708190786
615,2023-04-28,NSE:AVG,167.89999,167.89999,167.89999,167.89999,1200.0,0.5389161676646721,-0.5952380952380952
616,2023-05-02,NSE:AVG,168.0,168.0,168.0,168.0,4800.0,0.05956522093896342,0.5389161676646721
617,2023-05-03,NSE:AVG,170.0,172.5,170.0,170.0,3600.0,1.1904761904761905,0.05956522093896342
618,2023-05-04,NSE:AVG,175.0,178.0,173.0,177.14999,7200.0,4.205876470588237,1.1904761904761905
619,2023-05-05,NSE:AVG,176.0,176.5,175.0,175.75,10800.0,-0.7902851137615093,4.205876470588237
620,2023-05-09,NSE:AVG,180.0,180.0,168.0,168.0,6000.0,-4.409672830725462,-0.7902851137615093
621,2023-05-10,NSE:AVG,176.0,176.39999,172.10001,176.39999,13800.0,4.999994047619049,-4.409672830725462
622,2023-05-11,NSE:AVG,185.2,185.2,185.2,185.2,2400.0,4.98866808325782,4.999994047619049
623,2023-05-12,NSE:AVG,194.45,194.45,180.0,194.35001,52818.0,4.940610151187911,4.98866808325782
624,2023-05-15,NSE:AVG,203.0,204.05,194.39999,204.05,32743.0,4.990990224286592,4.940610151187911
625,2023-05-16,NSE:AVG,214.25,214.25,214.25,214.25,29781.0,4.998774810095559,4.990990224286592
626,2023-05-17,NSE:AVG,224.95,224.95,203.55,210.05,68472.0,-1.9603267211201814,4.998774810095559
627,2023-05-18,NSE:AVG,216.89999,220.05,210.5,213.39999,29055.0,1.5948536062842138,-1.9603267211201814
628,2023-05-19,NSE:AVG,218.7,224.05,215.0,216.55,33818.0,1.4761059735757291,1.5948536062842138
629,2023-05-22,NSE:AVG,205.75,217.14999,205.75,213.14999,40408.0,-1.5700808127453285,1.4761059735757291
630,2023-05-23,NSE:AVG,222.5,223.8,218.75,223.8,11927.0,4.996486277104685,-1.5700808127453285
631,2023-05-24,NSE:AVG,230.0,234.95,215.0,228.85001,98924.0,2.2564834673815843,4.996486277104685
632,2023-05-25,NSE:AVG,236.89999,236.89999,220.0,227.2,23034.0,-0.7210006239457927,2.2564834673815843
633,2023-05-26,NSE:AVG,227.2,229.5,216.55,217.75,28805.0,-4.1593309859154886,-0.7210006239457927
634,2023-05-29,NSE:AVG,223.75,228.60001,212.3,220.05,39489.0,1.056257175660166,-4.1593309859154886
635,2023-05-30,NSE:AVG,218.95,229.60001,214.55,223.7,26672.0,1.6587139286525685,1.056257175660166
636,2023-05-31,NSE:AVG,229.89999,229.89999,220.05,225.5,34798.0,0.8046490835941044,1.6587139286525685
637,2023-06-01,NSE:AVG,224.89999,228.89999,215.55,219.5,56588.0,-2.6607538802660753,0.8046490835941044
638,2023-06-02,NSE:AVG,224.2,224.2,216.35001,220.89999,30720.0,0.6378086560364477,-2.6607538802660753
639,2023-06-05,NSE:AVG,231.89999,231.89999,224.95,231.85001,92260.0,4.957003393255017,0.6378086560364477
640,2023-06-06,NSE:AVG,235.95,238.0,222.5,225.0,67433.0,-2.9545006273668037,4.957003393255017
641,2023-06-07,NSE:AVG,234.89999,234.89999,215.0,219.75,143705.0,-2.3333333333333335,-2.9545006273668037
642,2023-06-08,NSE:AVG,230.0,230.0,212.35001,221.5,72135.0,0.7963594994311717,-2.3333333333333335
643,2023-06-09,NSE:AVG,221.64999,226.0,219.05,224.7,50162.0,1.4446952595936744,0.7963594994311717
644,2023-06-12,NSE:AVG,220.14999,247.14999,220.14999,247.14999,115694.0,9.991094793057416,1.4446952595936744
645,2023-06-13,NSE:AVG,254.95,271.85001,249.05,271.20001,156405.0,9.730941117982654,9.991094793057416
646,2023-06-14,NSE:AVG,268.0,283.95001,260.0,268.95001,85218.0,-0.8296459871074487,9.730941117982654
647,2023-06-15,NSE:AVG,275.79999,275.79999,258.0,271.20001,44367.0,0.8365866950516193,-0.8296459871074487
648,2023-06-16,NSE:AVG,272.25,272.25,258.0,261.0,49237.0,-3.76106549553594,0.8365866950516193
649,2023-06-19,NSE:AVG,270.79999,270.79999,259.0,260.10001,32620.0,-0.34482375478927296,-3.76106549553594
650,2023-06-20,NSE:AVG,262.70001,264.89999,254.5,258.70001,51873.0,-0.5382544967991263,-0.34482375478927296
651,2023-06-21,NSE:AVG,268.89999,278.20001,258.5,272.89999,61337.0,5.488975435292786,-0.5382544967991263
652,2023-06-22,NSE:AVG,283.95001,283.95001,263.04999,268.25,81464.0,-1.703917248219761,5.488975435292786
653,2023-06-23,NSE:AVG,263.70001,270.0,260.10001,267.45001,32414.0,-0.2982255358807008,-1.703917248219761
654,2023-06-26,NSE:AVG,260.0,287.95001,253.55,276.5,43670.0,3.3838061924170346,-0.2982255358807008
655,2023-06-27,NSE:AVG,279.95001,281.89999,266.0,269.10001,43258.0,-2.6763074141048833,3.3838061924170346
656,2023-06-28,NSE:AVG,269.10001,273.95001,263.0,265.64999,36275.0,-1.282058666590163,-2.6763074141048833
657,2023-06-30,NSE:AVG,264.95001,270.0,253.95,261.10001,67887.0,-1.7127725094211392,-1.282058666590163
658,2023-07-03,NSE:AVG,264.39999,279.0,261.85001,266.35001,37585.0,2.0107237835800924,-1.7127725094211392
659,2023-07-04,NSE:AVG,270.0,280.10001,267.04999,267.89999,20967.0,0.5819335242375268,2.0107237835800924
660,2023-07-05,NSE:AVG,288.89999,288.89999,270.25,274.35001,72567.0,2.4076223369773158,0.5819335242375268
661,2023-07-06,NSE:AVG,284.89999,284.89999,270.60001,271.45001,91293.0,-1.0570438834684122,2.4076223369773158
662,2023-07-07,NSE:AVG,282.04999,282.04999,266.64999,269.70001,63483.0,-0.6446859220966689,-1.0570438834684122
663,2023-07-10,NSE:AVG,280.0,289.0,264.0,264.35001,27544.0,-1.9836855030150065,-0.6446859220966689
664,2023-07-11,NSE:AVG,268.0,272.20001,261.29999,269.45001,27887.0,1.9292603771794912,-1.9836855030150065
665,2023-07-12,NSE:AVG,275.95001,275.95001,264.20001,265.45001,23112.0,-1.484505419020025,1.9292603771794912
666,2023-07-13,NSE:AVG,269.85001,270.0,257.14999,260.64999,36803.0,-1.8082576075246777,-1.484505419020025
667,2023-07-14,NSE:AVG,260.0,270.54999,256.95001,270.14999,18464.0,3.6447344578835397,-1.8082576075246777
668,2023-07-17,NSE:AVG,275.89999,275.89999,265.0,266.0,19978.0,-1.5361799569194885,3.6447344578835397
669,2023-07-18,NSE:AVG,266.29999,270.04999,260.0,261.14999,16747.0,-1.823312030075187,-1.5361799569194885
670,2023-07-19,NSE:AVG,269.0,269.0,257.54999,263.75,21327.0,0.9956002678767084,-1.823312030075187
671,2023-07-20,NSE:AVG,265.0,270.10001,260.5,269.5,47653.0,2.1800947867298577,0.9956002678767084
672,2023-07-21,NSE:AVG,260.20001,269.95001,258.5,266.64999,26513.0,-1.05751762523191,2.1800947867298577
673,2023-07-24,NSE:AVG,266.60001,268.5,263.60001,268.10001,30882.0,0.5437915073613897,-1.05751762523191
674,2023-07-25,NSE:AVG,269.54999,271.45001,265.5,267.89999,25567.0,-0.07460648733284082,0.5437915073613897
675,2023-07-26,NSE:AVG,263.5,269.89999,262.5,267.89999,26184.0,0.0,-0.07460648733284082
676,2023-07-27,NSE:AVG,273.70001,283.0,266.20001,269.70001,93614.0,0.671899987752899,0.0
677,2023-07-28,NSE:AVG,272.10001,281.60001,268.95001,271.29999,79345.0,0.5932443235726834,0.671899987752899
678,2023-07-31,NSE:AVG,277.0,277.0,264.20001,267.20001,30596.0,-1.5112348511328584,0.5932443235726834
679,2023-08-01,NSE:AVG,267.95001,274.79999,260.54999,270.45001,53867.0,1.2163173197486032,-1.5112348511328584
680,2023-08-02,NSE:AVG,270.64999,274.0,259.89999,269.75,68394.0,-0.2588315674308979,1.2163173197486032
681,2023-08-03,NSE:AVG,263.95001,274.0,263.54999,270.25,25516.0,0.18535681186283595,-0.2588315674308979
682,2023-08-04,NSE:AVG,273.0,273.0,268.0,270.35001,35120.0,0.037006475485660495,0.18535681186283595
683,2023-08-07,NSE:AVG,275.0,275.0,260.5,263.79999,34893.0,-2.4227925865436504,0.037006475485660495
684,2023-08-08,NSE:AVG,270.54999,270.54999,260.0,262.14999,29336.0,-0.6254738675312222,-2.4227925865436504
685,2023-08-09,NSE:AVG,262.04999,265.95001,260.10001,263.04999,39971.0,0.34331490914799473,-0.6254738675312222
686,2023-08-10,NSE:AVG,268.0,272.5,261.20001,266.5,59385.0,1.3115415818871616,0.34331490914799473
687,2023-08-11,NSE:AVG,270.29999,270.5,262.39999,265.35001,19286.0,-0.4315159474671679,1.3115415818871616
688,2023-08-14,NSE:AVG,272.95001,281.75,259.04999,262.04999,54325.0,-1.2436479651913401,-0.4315159474671679
689,2023-08-16,NSE:AVG,261.64999,262.0,253.35001,260.0,30981.0,-0.782289669234477,-1.2436479651913401
690,2023-08-17,NSE:AVG,262.04999,264.25,245.0,249.55,67351.0,-4.019230769230765,-0.782289669234477
691,2023-08-18,NSE:AVG,256.04999,259.64999,251.05,255.89999,37400.0,2.544576237227005,-4.019230769230765
692,2023-08-21,NSE:AVG,247.55,266.04999,247.39999,253.45,65788.0,-0.9574013660571123,2.544576237227005
693,2023-08-22,NSE:AVG,261.95001,263.54999,253.39999,257.89999,27357.0,1.7557664233576697,-0.9574013660571123
694,2023-08-23,NSE:AVG,264.0,266.35001,261.0,263.85001,55351.0,2.307103617956711,1.7557664233576697
695,2023-08-24,NSE:AVG,263.04999,266.45001,260.0,260.39999,20805.0,-1.307568644776627,2.307103617956711
696,2023-08-25,NSE:AVG,263.20001,264.79999,259.04999,261.5,15340.0,0.42243089179842036,-1.307568644776627
697,2023-08-28,NSE:AVG,269.70001,269.70001,259.0,259.79999,26343.0,-0.650099426386241,0.42243089179842036
698,2023-08-29,NSE:AVG,259.70001,262.64999,258.14999,261.10001,26739.0,0.5003926289604622,-0.650099426386241
699,2023-08-30,NSE:AVG,256.35001,266.20001,253.25,255.89999,37705.0,-1.9915816931604082,0.5003926289604622
700,2023-08-31,NSE:AVG,251.35001,259.79999,250.35001,253.75,22924.0,-0.8401680672203241,-1.9915816931604082
701,2023-09-01,NSE:AVG,250.39999,255.55,250.05,251.64999,10783.0,-0.8275901477832504,-0.8401680672203241
702,2023-09-04,NSE:AVG,257.04999,257.04999,248.64999,252.60001,20854.0,0.37751640681567084,-0.8275901477832504
703,2023-09-05,NSE:AVG,252.95,257.39999,250.39999,250.89999,20840.0,-0.6730086827787517,0.37751640681567084
704,2023-09-06,NSE:AVG,257.04999,257.04999,238.14999,242.0,25005.0,-3.547226127828862,-0.6730086827787517
705,2023-09-07,NSE:AVG,244.95,253.0,239.05,243.05,22657.0,0.4338842975206658,-3.547226127828862
706,2023-09-08,NSE:AVG,247.14999,249.89999,240.0,248.39999,11587.0,2.201189055749842,0.4338842975206658
707,2023-09-11,NSE:AVG,248.5,258.0,248.5,251.7,15475.0,1.328506494706375,2.201189055749842
708,2023-09-12,NSE:AVG,256.14999,256.20001,244.85001,246.95,18314.0,-1.8871672626142235,1.328506494706375
709,2023-09-13,NSE:AVG,250.05,252.2,245.05,249.8,12113.0,1.1540797732334573,-1.8871672626142235
710,2023-09-14,NSE:AVG,257.0,258.54999,245.5,251.64999,1679514.0,0.7405884707766177,1.1540797732334573
711,2023-09-15,NSE:AVG,253.60001,269.10001,251.14999,263.70001,276831.0,4.788404720381677,0.7405884707766177
712,2023-09-18,NSE:AVG,265.89999,287.79999,265.04999,272.20001,393873.0,3.223359756414116,4.788404720381677
713,2023-09-20,NSE:AVG,274.79999,278.0,268.29999,272.39999,66773.0,0.07346803550814794,3.223359756414116
714,2023-09-21,NSE:AVG,269.0,299.0,265.0,295.0,487101.0,8.296626589450314,0.07346803550814794
715,2023-09-22,NSE:AVG,302.29999,305.0,288.45001,301.35001,201670.0,2.152545762711864,8.296626589450314
716,2023-09-25,NSE:AVG,303.45001,303.89999,292.25,297.39999,64920.0,-1.3107748030272157,2.152545762711864
717,2023-09-26,NSE:AVG,299.20001,314.60001,297.54999,299.39999,99192.0,0.672494978900302,-1.3107748030272157
718,2023-09-27,NSE:AVG,300.75,302.29999,294.54999,296.10001,49739.0,-1.1021977656044695,0.672494978900302
719,2023-09-28,NSE:AVG,297.79999,301.89999,294.79999,295.60001,37485.0,-0.16886186528666447,-1.1021977656044695
720,2023-09-29,NSE:AVG,297.14999,298.0,291.0,294.14999,27541.0,-0.490534489494772,-0.16886186528666447
721,2023-10-03,NSE:AVG,294.95001,295.70001,283.14999,285.25,54406.0,-3.0256638798457898,-0.490534489494772
722,2023-10-04,NSE:AVG,283.0,289.45001,275.35001,285.35001,45670.0,0.035060473269061344,-3.0256638798457898
723,2023-10-05,NSE:AVG,287.79999,287.79999,280.0,280.64999,12961.0,-1.6471070037810742,0.035060473269061344
724,2023-10-06,NSE:AVG,281.10001,287.0,276.60001,285.14999,73700.0,1.6034206878111772,-1.6471070037810742
725,2023-10-09,NSE:AVG,278.79999,287.70001,274.54999,285.10001,47674.0,-0.017527617658343604,1.6034206878111772
726,2023-10-10,NSE:AVG,289.29999,294.5,284.0,289.04999,25017.0,1.385471715697233,-0.017527617658343604
727,2023-10-11,NSE:AVG,289.20001,300.79999,289.0,297.20001,56162.0,2.819588404068113,1.385471715697233
728,2023-10-12,NSE:AVG,307.0,307.0,293.29999,295.14999,20051.0,-0.6897779041124587,2.819588404068113
729,2023-10-13,NSE:AVG,291.25,296.35001,290.0,291.89999,14000.0,-1.1011350534011537,-0.6897779041124587
730,2023-10-16,NSE:AVG,298.0,306.0,290.14999,302.20001,54674.0,3.5286126594249,-1.1011350534011537
731,2023-10-17,NSE:AVG,305.79999,305.79999,290.79999,292.75,44186.0,-3.1270713723669368,3.5286126594249
732,2023-10-18,NSE:AVG,303.0,303.0,285.54999,286.54999,22841.0,-2.1178514090520992,-3.1270713723669368
733,2023-10-19,NSE:AVG,288.04999,288.89999,278.79999,279.89999,30602.0,-2.3207119986289224,-2.1178514090520992
734,2023-10-20,NSE:AVG,284.89999,284.89999,273.0,280.20001,49552.0,0.10718828535864461,-2.3207119986289224
735,2023-10-23,NSE:AVG,293.0,293.0,262.54999,264.64999,49711.0,-5.549614362968801,0.10718828535864461
736,2023-10-25,NSE:AVG,264.64999,269.20001,250.95,262.45001,48260.0,-0.8312790792094805,-5.549614362968801
737,2023-10-26,NSE:AVG,260.75,274.85001,253.8,268.10001,40677.0,2.152790925784296,-0.8312790792094805
738,2023-10-27,NSE:AVG,272.10001,281.85001,269.54999,277.75,26811.0,3.5993993435509393,2.152790925784296
739,2023-10-30,NSE:AVG,278.29999,278.29999,267.85001,270.5,18991.0,-2.6102610261026102,3.5993993435509393
740,2023-10-31,NSE:AVG,274.89999,284.89999,271.20001,277.14999,33582.0,2.4584066543438086,-2.6102610261026102
741,2023-11-01,NSE:AVG,275.20001,283.0,272.0,275.04999,18135.0,-0.7577124574314518,2.4584066543438086
742,2023-11-02,NSE:AVG,279.95001,285.0,274.75,278.54999,30807.0,1.272495956098744,-0.7577124574314518
743,2023-11-03,NSE:AVG,278.60001,281.89999,267.25,270.89999,31627.0,-2.7463652036031228,1.272495956098744
744,2023-11-06,NSE:AVG,274.89999,280.14999,270.95001,278.25,23775.0,2.71318208612706,-2.7463652036031228
745,2023-11-07,NSE:AVG,279.89999,279.89999,274.0,276.54999,10238.0,-0.6109649595687404,2.71318208612706
746,2023-11-08,NSE:AVG,282.0,282.0,272.04999,276.0,18611.0,-0.19887543658923287,-0.6109649595687404
747,2023-11-09,NSE:AVG,277.54999,291.89999,274.35001,284.70001,54205.0,3.1521775362318913,-0.19887543658923287
748,2023-11-10,NSE:AVG,285.0,290.0,279.35001,288.29999,27148.0,1.2644818663687294,3.1521775362318913
749,2023-11-12,NSE:AVG,287.0,296.55,272.5,276.05,17385.0,-4.249042811274454,1.2644818663687294
750,2023-11-13,NSE:AVG,276.04999,279.0,268.20001,270.39999,26622.0,-2.0467342872668026,-4.249042811274454
751,2023-11-15,NSE:AVG,275.85001,275.85001,266.75,268.64999,21698.0,-0.6471893730469443,-2.0467342872668026
752,2023-11-16,NSE:AVG,274.04999,274.04999,266.5,267.20001,17161.0,-0.5397282910749345,-0.6471893730469443
753,2023-11-17,NSE:AVG,267.0,293.70001,267.0,281.45001,219011.0,5.333083632743875,-0.5397282910749345
754,2023-11-20,NSE:AVG,283.5,296.89999,281.54999,291.75,128451.0,3.6596161428453957,5.333083632743875
755,2023-11-21,NSE:AVG,294.64999,329.79999,288.70001,316.54999,320452.0,8.500425021422444,3.6596161428453957
756,2023-11-22,NSE:AVG,329.89999,333.64999,315.95001,319.75,125881.0,1.0109019431654445,8.500425021422444
757,2023-11-23,NSE:AVG,314.5,321.54999,309.0,314.0,36780.0,-1.7982799061767005,1.0109019431654445
758,2023-11-24,NSE:AVG,313.5,321.20001,305.0,307.85001,43714.0,-1.9585955414012746,-1.7982799061767005
759,2023-11-28,NSE:AVG,303.0,313.39999,298.04999,306.39999,36365.0,-0.47101508945866044,-1.9585955414012746
760,2023-11-29,NSE:AVG,308.0,326.85001,308.0,318.54999,163016.0,3.9654048291581137,-0.47101508945866044
761,2023-11-30,NSE:AVG,320.95001,320.95001,297.5,309.45001,160100.0,-2.856688207712692,3.9654048291581137
762,2023-12-01,NSE:AVG,312.20001,322.5,312.0,316.25,177495.0,2.197443780984198,-2.856688207712692
763,2023-12-04,NSE:AVG,319.0,325.95001,311.54999,319.54999,96075.0,1.043475098814223,2.197443780984198
764,2023-12-05,NSE:AVG,319.54999,348.95001,315.89999,343.60001,808356.0,7.526215225354887,1.043475098814223
765,2023-12-06,NSE:AVG,349.89999,358.0,333.0,340.10001,310835.0,-1.0186262800166974,7.526215225354887
766,2023-12-07,NSE:AVG,340.0,357.5,328.29999,354.75,272376.0,4.307553534032534,-1.0186262800166974
767,2023-12-08,NSE:AVG,357.5,366.39999,342.0,344.79999,159518.0,-2.804794926004234,4.307553534032534
768,2023-12-11,NSE:AVG,346.5,353.0,337.79999,347.0,87182.0,0.6380539628205965,-2.804794926004234
769,2023-12-12,NSE:AVG,348.79999,356.10001,341.10001,344.60001,71472.0,-0.6916397694524502,0.6380539628205965
770,2023-12-13,NSE:AVG,350.0,352.04999,342.60001,346.14999,35148.0,0.44979104904843303,-0.6916397694524502
771,2023-12-14,NSE:AVG,347.5,354.5,342.0,352.79999,95126.0,1.921132512527294,0.44979104904843303
772,2023-12-15,NSE:AVG,354.60001,355.0,343.0,349.35001,95461.0,-0.9778855152461831,1.921132512527294
773,2023-12-18,NSE:AVG,350.0,351.85001,338.10001,341.64999,54864.0,-2.2040989779848568,-0.9778855152461831
774,2023-12-19,NSE:AVG,344.5,344.5,330.10001,334.10001,54635.0,-2.209858106537631,-2.2040989779848568
775,2023-12-20,NSE:AVG,335.0,345.0,315.25,317.64999,108230.0,-4.923681385103818,-2.209858106537631
776,2023-12-21,NSE:AVG,319.20001,335.70001,312.25,328.45001,82601.0,3.399974922083271,-4.923681385103818
777,2023-12-22,NSE:AVG,330.10001,340.5,328.04999,337.45001,126491.0,2.7401430129352105,3.399974922083271
778,2023-12-26,NSE:AVG,337.45001,347.85001,333.60001,337.5,58027.0,0.014814046086405441,2.7401430129352105
779,2023-12-27,NSE:AVG,339.20001,404.89999,334.70001,390.79999,1208916.0,15.792589629629624,0.014814046086405441
780,2023-12-28,NSE:AVG,390.0,392.20001,375.0,377.89999,138097.0,-3.300921271773824,15.792589629629624
781,2023-12-29,NSE:AVG,377.0,383.85001,367.0,376.10001,97749.0,-0.4763112060415786,-3.300921271773824
782,2024-01-01,NSE:AVG,383.89999,392.25,362.64999,369.10001,144743.0,-1.8612070762773978,-0.4763112060415786
783,2024-01-02,NSE:AVG,374.95001,374.95001,358.29999,362.45001,80787.0,-1.8016797127694408,-1.8612070762773978
784,2024-01-03,NSE:AVG,364.89999,377.39999,363.0,369.89999,107689.0,2.0554503502427774,-1.8016797127694408
785,2024-01-04,NSE:AVG,371.45001,378.0,366.0,370.95001,85038.0,0.28386591737945643,2.0554503502427774
786,2024-01-05,NSE:AVG,372.79999,384.45001,360.0,369.5,109232.0,-0.3908909451168421,0.28386591737945643
787,2024-01-08,NSE:AVG,371.70001,418.89999,371.70001,415.79999,407907.0,12.530443843031117,-0.3908909451168421
788,2024-01-09,NSE:AVG,425.0,449.70001,416.45001,447.0,435706.0,7.503610089071917,12.530443843031117
789,2024-01-10,NSE:AVG,450.0,464.0,431.60001,438.14999,305541.0,-1.9798680089485452,7.503610089071917
790,2024-01-11,NSE:AVG,443.45001,460.0,441.89999,452.70001,225585.0,3.32078519504246,-1.9798680089485452
791,2024-01-12,NSE:AVG,455.0,459.95001,421.35001,430.89999,172237.0,-4.815555449181461,3.32078519504246
792,2024-01-15,NSE:AVG,460.0,461.0,436.35001,455.89999,262669.0,5.801810299415417,-4.815555449181461
793,2024-01-16,NSE:AVG,454.79999,454.79999,425.14999,431.29999,164562.0,-5.395920276286916,5.801810299415417
794,2024-01-17,NSE:AVG,428.0,455.0,424.04999,440.95001,111081.0,2.2374264372229735,-5.395920276286916
795,2024-01-18,NSE:AVG,438.0,449.20001,430.10001,441.35001,69101.0,0.09071323073560589,2.2374264372229735
796,2024-01-19,NSE:AVG,445.79999,454.0,434.10001,437.5,54158.0,-0.872325798746441,0.09071323073560589
797,2024-01-20,NSE:AVG,438.5,447.0,421.54999,426.95001,55414.0,-2.411426285714281,-0.872325798746441
798,2024-01-23,NSE:AVG,430.89999,437.0,414.70001,433.64999,75738.0,1.5692656852262357,-2.411426285714281
799,2024-01-24,NSE:AVG,433.64999,438.95001,390.0,413.29999,124131.0,-4.692724655660668,1.5692656852262357
800,2024-01-25,NSE:AVG,414.70001,425.45001,412.14999,418.0,79279.0,1.1371909300070442,-4.692724655660668
801,2024-01-29,NSE:AVG,424.70001,424.70001,412.29999,415.85001,55550.0,-0.514351674641149,1.1371909300070442
802,2024-01-30,NSE:AVG,419.04999,423.70001,407.25,409.79999,51665.0,-1.4548562833989154,-0.514351674641149
803,2024-01-31,NSE:AVG,411.70001,415.89999,408.04999,412.79999,53623.0,0.7320644395330512,-1.4548562833989154
804,2024-02-01,NSE:AVG,412.10001,422.0,410.04999,417.95001,49341.0,1.247582394563537,0.7320644395330512
805,2024-02-02,NSE:AVG,420.89999,420.89999,410.0,416.04999,26399.0,-0.45460460690024634,1.247582394563537
806,2024-02-05,NSE:AVG,438.0,443.0,420.0,425.60001,74145.0,2.295402050123837,-0.45460460690024634
807,2024-02-06,NSE:AVG,427.60001,429.0,415.04999,419.70001,48048.0,-1.3862781629163912,2.295402050123837
808,2024-02-07,NSE:AVG,421.79999,434.14999,419.60001,430.10001,98228.0,2.4779603888977695,-1.3862781629163912
809,2024-02-08,NSE:AVG,432.10001,443.89999,423.45001,436.85001,94296.0,1.5694024280538847,2.4779603888977695
810,2024-02-09,NSE:AVG,437.85001,447.45001,412.95001,443.14999,125763.0,1.4421380006377944,1.5694024280538847
811,2024-02-12,NSE:AVG,451.70001,451.70001,415.0,426.54999,100038.0,-3.74591004729573,1.4421380006377944
812,2024-02-13,NSE:AVG,430.0,431.89999,413.54999,428.54999,58623.0,0.46887821987758105,-3.74591004729573
813,2024-02-14,NSE:AVG,424.29999,445.0,422.85001,437.54999,83680.0,2.1001050542551645,0.46887821987758105
814,2024-02-15,NSE:AVG,465.0,477.54999,440.04999,447.39999,236169.0,2.2511713461586464,2.1001050542551645
815,2024-02-16,NSE:AVG,459.5,459.5,445.0,448.5,65011.0,0.2458672383966744,2.2511713461586464
816,2024-02-19,NSE:AVG,458.0,491.0,444.64999,470.14999,378768.0,4.82719955406912,0.2458672383966744
817,2024-02-20,NSE:AVG,474.70001,480.0,457.89999,468.70001,122538.0,-0.3084079614677823,4.82719955406912
818,2024-02-21,NSE:AVG,469.95001,543.0,462.29999,529.5,658838.0,12.972047941710088,-0.3084079614677823
819,2024-02-22,NSE:AVG,548.0,552.25,500.10001,523.65002,384523.0,-1.104812086874402,12.972047941710088
820,2024-02-23,NSE:AVG,534.0,534.0,508.14999,523.75,89160.0,0.019092904837463683,-1.104812086874402
821,2024-02-26,NSE:AVG,527.40002,628.5,524.84998,622.45001,1034073.0,18.844870644391413,0.019092904837463683
822,2024-02-27,NSE:AVG,602.20001,668.40002,596.0,614.5,1138457.0,-1.2772126070011662,18.844870644391413
823,2024-02-28,NSE:AVG,610.0,644.95001,596.95001,617.45001,429096.0,0.4800667209113133,-1.2772126070011662
824,2024-02-29,NSE:AVG,635.0,640.0,590.04999,634.25,303894.0,2.7208664228542125,0.4800667209113133
825,2024-03-01,NSE:AVG,644.0,647.0,606.65002,617.04999,150151.0,-2.711865983445017,2.7208664228542125
826,2024-03-02,NSE:AVG,620.0,640.0,620.0,629.70001,21824.0,2.0500802536274314,-2.711865983445017
827,2024-03-04,NSE:AVG,618.0,637.0,512.34998,626.09998,767787.0,-0.5717055650038914,2.0500802536274314
828,2024-03-05,NSE:AVG,610.0,634.09998,601.09998,619.0,114207.0,-1.1340009945376393,-0.5717055650038914
829,2024-03-06,NSE:AVG,619.0,633.90002,558.15002,600.40002,221810.0,-3.0048432956381195,-1.1340009945376393
830,2024-03-07,NSE:AVG,613.0,627.29999,565.59998,573.04999,101408.0,-4.555301313947335,-3.0048432956381195
831,2024-03-11,NSE:AVG,576.0,577.0,517.84998,524.75,156535.0,-8.428582295237451,-4.555301313947335
832,2024-03-12,NSE:AVG,523.79999,550.0,516.40002,530.5,125382.0,1.095759885659838,-8.428582295237451
833,2024-03-13,NSE:AVG,532.5,539.40002,481.54999,488.64999,135474.0,-7.888786050895382,1.095759885659838
834,2024-03-14,NSE:AVG,497.0,586.34998,488.64999,586.20001,256941.0,19.96316832013033,-7.888786050895382
835,2024-03-15,NSE:AVG,583.45001,615.0,533.04999,590.59998,163433.0,0.75059193533619,19.96316832013033
836,2024-03-18,NSE:AVG,610.0,610.20001,571.54999,580.20001,38511.0,-1.760916077240629,0.75059193533619
837,2024-03-19,NSE:AVG,583.0,583.0,554.79999,569.79999,30552.0,-1.7924887660722446,-1.760916077240629
838,2024-03-20,NSE:AVG,584.0,584.95001,550.04999,560.54999,34716.0,-1.6233766518669122,-1.7924887660722446
839,2024-03-21,NSE:AVG,564.40002,578.45001,556.0,561.54999,31969.0,0.17839622118269952,-1.6233766518669122
840,2024-03-22,NSE:AVG,557.0,573.75,546.04999,554.09998,33042.0,-1.3266868725258139,0.17839622118269952
841,2024-03-26,NSE:AVG,551.54999,565.70001,526.54999,540.75,80717.0,-2.409308875990207,-1.3266868725258139
842,2024-03-27,NSE:AVG,542.09998,593.0,540.04999,571.34998,72842.0,5.658803513638458,-2.409308875990207
843,2024-03-28,NSE:AVG,574.20001,600.0,543.59998,580.0,112367.0,1.5139617227255422,5.658803513638458
844,2024-04-01,NSE:AVG,598.0,600.0,573.0,575.45001,56245.0,-0.7844810344827551,1.5139617227255422
845,2024-04-02,NSE:AVG,575.4,585.95,574.05,582.0,5606.0,1.1382378809933429,-0.7844810344827551
